1 0.420
2 0.377
3 0.459
4 0.485
5 0.482
6 0.529
7 0.416
8 0.372
9 0.369
10 0.364
11 0.354
12 0.344
13 0.328
14 0.387
15 0.344
16 0.381
17 0.340
18 0.323
19 0.363
20 0.374
21 0.362
22 0.378
23 0.363
24 0.373
25 0.363
26 0.383
27 0.356
28 0.338
29 0.365
30 0.328
31 0.324
32 0.316
33 0.315
34 0.326
35 0.364
36 0.363
37 0.362
38 0.341
39 0.376
40 0.398
41 0.362
42 0.405
43 0.398
44 0.393
45 0.338
46 0.354
47 0.377
48 0.365
49 0.363
50 0.403
51 0.361
52 0.361
53 0.360
54 0.399
55 0.364
56 0.376
57 0.363
58 0.407
59 0.375
60 0.490
61 0.363
62 0.407
63 0.366
64 0.361
65 0.380
66 0.383
67 0.362
68 0.364
69 0.360
70 0.401
71 0.484
72 0.481
73 0.482
74 0.377
75 0.369
76 0.485
77 0.482
78 0.423
79 0.488
80 0.481
81 0.392
82 0.374
83 0.340
84 0.450
85 0.482
86 0.410
87 0.487
88 0.479
89 0.480
90 0.403
91 0.448
92 0.390
93 0.362
94 0.331
95 0.492
96 0.481
97 0.487
98 0.405
99 0.494
100 0.483
101 0.358
102 0.377
103 0.362
104 0.369
105 0.361
106 0.359
107 0.362
108 0.361
109 0.363
110 0.357
111 0.368
112 0.360
113 0.363
114 0.362
115 0.362
116 0.361
117 0.361
118 0.362
119 0.376
120 0.374
121 0.362
122 0.361
123 0.452
124 0.482
125 0.485
126 0.471
127 0.486
128 0.402
129 0.350
130 0.357
131 0.486
132 0.362
133 0.362
134 0.443
135 0.363
136 0.360
137 0.385
138 0.383
139 0.484
140 0.480
141 0.360
142 0.447
143 0.367
144 0.361
145 0.368
146 0.363
147 0.391
148 0.363
149 0.360
150 0.390
151 0.496
152 0.481
153 0.363
154 0.363
155 0.374
156 0.363
157 0.362
158 0.362
159 0.367
160 0.361
161 0.361
162 0.361
163 0.361
164 0.362
165 0.359
166 0.441
167 0.484
168 0.362
169 0.361
170 0.448
171 0.362
172 0.363
173 0.362
174 0.389
175 0.367
176 0.361
177 0.360
178 0.374
179 0.487
180 0.483
181 0.364
182 0.362
183 0.383
184 0.363
185 0.361
186 0.364
187 0.363
188 0.362
189 0.361
190 0.445
191 0.492
192 0.397
193 0.365
194 0.450
195 0.363
196 0.360
197 0.363
198 0.361
199 0.366
200 0.363
201 0.394
202 0.454
203 0.485
204 0.480
205 0.365
206 0.454
207 0.367
208 0.362
209 0.362
210 0.349
211 0.378
212 0.483
213 0.480
214 0.452
215 0.477
216 0.482
217 0.481
218 0.385
219 0.390
220 0.379
221 0.361
222 0.451
223 0.367
224 0.361
225 0.362
226 0.363
227 0.362
228 0.375
229 0.369
230 0.452
231 0.482
232 0.479
233 0.362
234 0.458
235 0.364
236 0.364
237 0.374
238 0.365
239 0.369
240 0.361
241 0.360
242 0.452
243 0.483
244 0.484
245 0.481
246 0.388
247 0.369
248 0.455
249 0.483
250 0.457
251 0.478
252 0.499
253 0.368
254 0.463
255 0.398
256 0.407
257 0.361
258 0.468
259 0.363
260 0.362
261 0.364
262 0.463
263 0.363
264 0.360
265 0.391
266 0.452
267 0.484
268 0.488
269 0.367
270 0.469
271 0.378
272 0.362
273 0.362
274 0.374
275 0.334
276 0.362
277 0.360
278 0.363
279 0.362
280 0.361
281 0.362
282 0.369
283 0.361
284 0.332
285 0.361
286 0.461
287 0.490
288 0.477
289 0.361
290 0.470
291 0.364
292 0.360
293 0.457
294 0.346
295 0.474
296 0.480
297 0.362
298 0.363
299 0.365
300 0.363
301 0.363
302 0.378
303 0.360
304 0.366
305 0.363
306 0.465
307 0.482
308 0.361
309 0.362
310 0.464
311 0.487
312 0.383
313 0.363
314 0.469
315 0.482
316 0.481
317 0.480
318 0.467
319 0.487
320 0.451
321 0.368
322 0.457
323 0.489
324 0.487
325 0.489
326 0.469
327 0.487
328 0.481
329 0.362
330 0.372
331 0.371
332 0.368
333 0.369
334 0.474
335 0.374
336 0.370
337 0.360
338 0.361
339 0.345
340 0.366
341 0.360
342 0.469
343 0.482
344 0.482
345 0.481
346 0.488
347 0.489
348 0.386
349 0.387
350 0.468
351 0.494
352 0.486
353 0.491
354 0.490
355 0.488
356 0.488
357 0.487
358 0.379
359 0.456
360 0.488
361 0.486
362 0.479
363 0.486
364 0.486
365 0.395
366 0.368
367 0.373
368 0.372
369 0.371
370 0.479
371 0.368
372 0.370
373 0.364
374 0.484
375 0.370
376 0.359
377 0.370
378 0.483
379 0.486
380 0.486
381 0.369
382 0.484
383 0.372
384 0.368
385 0.360
386 0.454
387 0.372
388 0.369
389 0.371
390 0.364
391 0.364
392 0.361
393 0.361
394 0.349
395 0.373
396 0.483
397 0.480
398 0.479
399 0.487
400 0.487
401 0.363
402 0.483
403 0.346
404 0.373
405 0.361
406 0.477
407 0.364
408 0.362
409 0.363
410 0.434
411 0.484
412 0.388
413 0.363
414 0.478
415 0.486
416 0.487
417 0.522
418 0.484
419 0.487
420 0.490
421 0.375
422 0.355
423 0.369
424 0.364
425 0.370
426 0.469
427 0.361
428 0.360
429 0.365
430 0.365
431 0.348
432 0.374
433 0.381
434 0.448
435 0.485
436 0.480
437 0.379
438 0.459
439 0.372
440 0.385
441 0.384
442 0.458
443 0.369
444 0.386
445 0.365
446 0.453
447 0.488
448 0.380
449 0.345
450 0.399
451 0.503
452 0.363
453 0.363
454 0.455
455 0.368
456 0.364
457 0.363
458 0.373
459 0.398
460 0.362
461 0.363
462 0.452
463 0.488
464 0.483
465 0.363
466 0.363
467 0.375
468 0.340
469 0.362
470 0.452
471 0.479
472 0.479
473 0.485
474 0.453
475 0.466
476 0.368
477 0.352
478 0.395
479 0.380
480 0.367
481 0.361
482 0.459
483 0.362
484 0.362
485 0.363
486 0.362
487 0.383
488 0.484
489 0.364
490 0.464
491 0.363
492 0.360
493 0.362
494 0.362
495 0.352
496 0.377
497 0.361
498 0.453
499 0.484
500 0.362
501 0.364
502 0.463
503 0.365
504 0.374
505 0.354
506 0.461
507 0.469
508 0.479
509 0.481
510 0.461
511 0.486
512 0.488
513 0.480
514 0.347
515 0.442
516 0.492
517 0.419
518 0.463
519 0.490
520 0.481
521 0.370
522 0.373
523 0.367
524 0.368
525 0.371
526 0.363
527 0.374
528 0.362
529 0.362
530 0.390
531 0.487
532 0.418
533 0.367
534 0.463
535 0.483
536 0.482
537 0.360
538 0.474
539 0.364
540 0.363
541 0.360
542 0.384
543 0.458
544 0.482
545 0.369
546 0.467
547 0.365
548 0.362
549 0.364
550 0.363
551 0.348
552 0.373
553 0.360
554 0.467
555 0.458
556 0.363
557 0.361
558 0.364
559 0.365
560 0.392
561 0.334
562 0.467
563 0.362
564 0.362
565 0.364
566 0.469
567 0.483
568 0.481
569 0.400
570 0.340
571 0.478
572 0.479
573 0.480
574 0.477
575 0.484
576 0.483
577 0.483
578 0.417
579 0.379
580 0.483
581 0.484
582 0.472
583 0.483
584 0.398
585 0.348
586 0.451
587 0.446
588 0.391
589 0.369
590 0.477
591 0.493
592 0.488
593 0.369
594 0.390
595 0.372
596 0.370
597 0.370
598 0.368
599 0.494
600 0.486
601 0.488
602 0.484
603 0.486
604 0.456
605 0.368
606 0.410
607 0.373
608 0.367
609 0.324
610 0.475
611 0.369
612 0.363
613 0.362
614 0.363
615 0.350
616 0.373
617 0.361
618 0.474
619 0.480
620 0.481
621 0.519
622 0.484
623 0.465
624 0.414
625 0.367
626 0.477
627 0.481
628 0.481
629 0.388
630 0.485
631 0.487
632 0.487
633 0.377
634 0.390
635 0.368
636 0.372
637 0.325
638 0.390
639 0.365
640 0.361
641 0.380
642 0.380
643 0.350
644 0.374
645 0.371
646 0.376
647 0.398
648 0.396
649 0.390
650 0.392
651 0.392
652 0.394
653 0.397
654 0.384
655 0.382
656 0.381
657 0.384
658 0.492
659 0.481
660 0.341
661 0.395
662 0.381
663 0.383
664 0.380
665 0.422
666 0.373
667 0.488
668 0.480
669 0.422
670 0.381
671 0.363
672 0.465
673 0.505
674 0.478
675 0.480
676 0.481
677 0.486
678 0.363
679 0.381
680 0.464
681 0.495
682 0.479
683 0.482
684 0.481
685 0.495
686 0.478
687 0.461
688 0.365
689 0.367
690 0.499
691 0.486
692 0.479
693 0.514
694 0.483
695 0.389
696 0.370
697 0.369
698 0.372
699 0.370
700 0.362
701 0.392
702 0.369
703 0.366
704 0.360
705 0.399
706 0.360
707 0.360
708 0.362
709 0.376
710 0.484
711 0.484
712 0.481
713 0.445
714 0.361
715 0.393
716 0.445
717 0.434
718 0.482
719 0.486
720 0.482
721 0.426
722 0.486
723 0.482
724 0.402
725 0.391
726 0.466
727 0.484
728 0.487
729 0.416
730 0.446
731 0.493
732 0.486
733 0.397
734 0.399
735 0.457
736 0.488
737 0.409
738 0.490
739 0.485
740 0.490
741 0.396
742 0.490
743 0.403
744 0.379
745 0.369
746 0.490
747 0.489
748 0.485
749 0.395
750 0.492
751 0.490
752 0.415
753 0.372
754 0.488
755 0.386
756 0.369
757 0.331
758 0.495
759 0.489
760 0.369
761 0.374
762 0.358
763 0.372
764 0.367
765 0.368
766 0.325
767 0.370
768 0.367
769 0.362
770 0.375
771 0.363
772 0.361
773 0.369
774 0.365
775 0.368
776 0.368
777 0.463
778 0.482
779 0.480
780 0.384
781 0.362
782 0.375
783 0.366
784 0.321
785 0.456
786 0.483
787 0.485
788 0.480
789 0.372
790 0.462
791 0.481
792 0.380
793 0.390
794 0.469
795 0.485
796 0.484
797 0.386
798 0.368
799 0.372
800 0.367
801 0.455
802 0.482
803 0.488
804 0.479
805 0.459
806 0.481
807 0.358
808 0.371
809 0.461
810 0.482
811 0.481
812 0.387
813 0.473
814 0.489
815 0.494
816 0.390
817 0.459
818 0.489
819 0.469
820 0.388
821 0.464
822 0.489
823 0.489
824 0.485
825 0.342
826 0.375
827 0.489
828 0.490
829 0.467
830 0.476
831 0.493
832 0.490
833 0.392
834 0.377
835 0.375
836 0.370
837 0.475
838 0.486
839 0.486
840 0.488
841 0.474
842 0.491
843 0.485
844 0.367
845 0.484
846 0.486
847 0.492
848 0.490
849 0.473
850 0.492
851 0.491
852 0.487
853 0.389
854 0.452
855 0.487
856 0.487
857 0.476
858 0.483
859 0.492
860 0.486
861 0.392
862 0.381
863 0.378
864 0.369
865 0.472
866 0.487
867 0.486
868 0.487
869 0.476
870 0.486
871 0.380
872 0.372
873 0.473
874 0.487
875 0.487
876 0.368
877 0.473
878 0.488
879 0.493
880 0.372
881 0.363
882 0.473
883 0.489
884 0.487
885 0.478
886 0.488
887 0.486
888 0.485
889 0.374
890 0.378
891 0.485
892 0.486
893 0.480
894 0.488
895 0.494
896 0.486
897 0.482
898 0.490
899 0.392
900 0.368
901 0.478
902 0.487
903 0.487
904 0.489
905 0.482
906 0.407
907 0.373
908 0.393
909 0.477
910 0.487
911 0.393
912 0.369
913 0.481
914 0.485
915 0.486
916 0.487
917 0.397
918 0.453
919 0.494
920 0.485
921 0.488
922 0.486
923 0.486
924 0.488
925 0.370
926 0.400
927 0.372
928 0.371
929 0.483
930 0.489
931 0.489
932 0.490
933 0.485
934 0.486
935 0.374
936 0.372
937 0.482
938 0.486
939 0.487
940 0.490
941 0.487
942 0.490
943 0.491
944 0.358
945 0.373
946 0.492
947 0.486
948 0.488
949 0.372
950 0.374
951 0.372
952 0.368
953 0.368
954 0.376
955 0.370
956 0.369
957 0.484
958 0.457
959 0.487
960 0.392
961 0.372
962 0.393
963 0.377
964 0.368
965 0.480
966 0.481
967 0.487
968 0.496
969 0.487
970 0.487
971 0.397
972 0.363
973 0.476
974 0.489
975 0.491
976 0.506
977 0.488
978 0.485
979 0.485
980 0.417
981 0.359
982 0.368
983 0.370
984 0.398
985 0.390
986 0.491
987 0.489
988 0.492
989 0.370
990 0.387
991 0.472
992 0.500
993 0.484
994 0.489
995 0.488
996 0.492
997 0.486
998 0.486
999 0.397
1000 0.369
1001 0.490
1002 0.486
1003 0.489
1004 0.491
1005 0.489
1006 0.492
1007 0.491
1008 0.367
1009 0.368
1010 0.371
1011 0.369
1012 0.389
1013 0.489
1014 0.383
1015 0.495
1016 0.483
1017 0.390
1018 0.375
1019 0.493
1020 0.472
1021 0.491
1022 0.486
1023 0.492
1024 0.456
1025 0.368
1026 0.386
1027 0.456
1028 0.454
1029 0.487
1030 0.486
1031 0.486
1032 0.380
1033 0.487
1034 0.485
1035 0.401
1036 0.341
1037 0.485
1038 0.487
1039 0.491
1040 0.381
1041 0.471
1042 0.484
1043 0.487
1044 0.430
1045 0.388
1046 0.471
1047 0.486
1048 0.423
1049 0.464
1050 0.490
1051 0.486
1052 0.408
1053 0.372
1054 0.360
1055 0.376
1056 0.341
1057 0.492
1058 0.485
1059 0.486
1060 0.398
1061 0.493
1062 0.486
1063 0.388
1064 0.366
1065 0.492
1066 0.485
1067 0.482
1068 0.345
1069 0.494
1070 0.486
1071 0.490
1072 0.381
1073 0.466
1074 0.490
1075 0.491
1076 0.367
1077 0.492
1078 0.488
1079 0.491
1080 0.396
1081 0.352
1082 0.453
1083 0.491
1084 0.363
1085 0.495
1086 0.488
1087 0.494
1088 0.397
1089 0.380
1090 0.349
1091 0.455
1092 0.396
1093 0.502
1094 0.488
1095 0.490
1096 0.397
1097 0.492
1098 0.487
1099 0.380
1100 0.375
1101 0.493
1102 0.488
1103 0.495
1104 0.410
1105 0.373
1106 0.504
1107 0.481
1108 0.358
1109 0.379
1110 0.492
1111 0.489
1112 0.454
1113 0.465
1114 0.492
1115 0.486
1116 0.395
1117 0.390
1118 0.377
1119 0.493
1120 0.454
1121 0.489
1122 0.487
1123 0.487
1124 0.457
1125 0.492
1126 0.408
1127 0.378
1128 0.456
1129 0.490
1130 0.486
1131 0.485
1132 0.452
1133 0.492
1134 0.486
1135 0.401
1136 0.396
1137 0.474
1138 0.490
1139 0.488
1140 0.458
1141 0.489
1142 0.488
1143 0.512
1144 0.378
1145 0.394
1146 0.474
1147 0.487
1148 0.468
1149 0.492
1150 0.488
1151 0.486
1152 0.370
1153 0.375
1154 0.390
1155 0.469
1156 0.470
1157 0.492
1158 0.485
1159 0.486
1160 0.463
1161 0.486
1162 0.489
1163 0.401
1164 0.461
1165 0.495
1166 0.487
1167 0.487
1168 0.464
1169 0.489
1170 0.489
1171 0.486
1172 0.377
1173 0.456
1174 0.386
1175 0.368
1176 0.461
1177 0.465
1178 0.492
1179 0.490
1180 0.395
1181 0.395
1182 0.370
1183 0.369
1184 0.351
1185 0.449
1186 0.490
1187 0.486
1188 0.460
1189 0.400
1190 0.363
1191 0.390
1192 0.348
1193 0.383
1194 0.369
1195 0.368
1196 0.464
1197 0.493
1198 0.486
1199 0.399
1200 0.377
1201 0.487
1202 0.369
1203 0.370
1204 0.460
1205 0.379
1206 0.371
1207 0.368
1208 0.352
1209 0.373
1210 0.370
1211 0.322
1212 0.463
1213 0.498
1214 0.486
1215 0.368
1216 0.370
1217 0.368
1218 0.367
1219 0.372
1220 0.469
1221 0.371
1222 0.364
1223 0.363
1224 0.470
1225 0.364
1226 0.375
1227 0.380
1228 0.471
1229 0.367
1230 0.363
1231 0.364
1232 0.475
1233 0.486
1234 0.366
1235 0.377
1236 0.398
1237 0.472
1238 0.460
1239 0.485
1240 0.485
1241 0.489
1242 0.487
1243 0.488
1244 0.379
1245 0.384
1246 0.489
1247 0.382
1248 0.508
1249 0.484
1250 0.484
1251 0.369
1252 0.364
1253 0.378
1254 0.376
1255 0.331
1256 0.481
1257 0.364
1258 0.372
1259 0.370
1260 0.487
1261 0.368
1262 0.378
1263 0.346
1264 0.480
1265 0.366
1266 0.363
1267 0.363
1268 0.480
1269 0.365
1270 0.365
1271 0.365
1272 0.387
1273 0.364
1274 0.364
1275 0.364
1276 0.480
1277 0.366
1278 0.363
1279 0.365
1280 0.366
1281 0.351
1282 0.349
1283 0.364
1284 0.498
1285 0.391
1286 0.487
1287 0.363
1288 0.486
1289 0.364
1290 0.375
1291 0.357
1292 0.472
1293 0.489
1294 0.481
1295 0.507
1296 0.483
1297 0.482
1298 0.483
1299 0.520
1300 0.384
1301 0.460
1302 0.491
1303 0.440
1304 0.385
1305 0.493
1306 0.488
1307 0.519
1308 0.371
1309 0.396
1310 0.370
1311 0.404
1312 0.491
1313 0.376
1314 0.374
1315 0.427
1316 0.484
1317 0.480
1318 0.347
1319 0.408
1320 0.480
1321 0.487
1322 0.488
1323 0.480
1324 0.489
1325 0.495
1326 0.487
1327 0.372
1328 0.457
1329 0.491
1330 0.491
1331 0.444
1332 0.490
1333 0.488
1334 0.488
1335 0.439
1336 0.389
1337 0.373
1338 0.397
1339 0.426
1340 0.490
1341 0.425
1342 0.492
1343 0.415
1344 0.371
1345 0.395
1346 0.375
1347 0.376
1348 0.492
1349 0.492
1350 0.488
1351 0.398
1352 0.494
1353 0.487
1354 0.412
1355 0.375
1356 0.489
1357 0.496
1358 0.489
1359 0.396
1360 0.471
1361 0.482
1362 0.490
1363 0.397
1364 0.351
1365 0.483
1366 0.489
1367 0.394
1368 0.458
1369 0.491
1370 0.487
1371 0.409
1372 0.373
1373 0.348
1374 0.483
1375 0.404
1376 0.517
1377 0.490
1378 0.491
1379 0.396
1380 0.495
1381 0.416
1382 0.390
1383 0.479
1384 0.490
1385 0.487
1386 0.491
1387 0.469
1388 0.490
1389 0.494
1390 0.398
1391 0.380
1392 0.476
1393 0.489
1394 0.486
1395 0.457
1396 0.489
1397 0.488
1398 0.488
1399 0.398
1400 0.382
1401 0.457
1402 0.490
1403 0.454
1404 0.489
1405 0.492
1406 0.464
1407 0.396
1408 0.373
1409 0.381
1410 0.456
1411 0.458
1412 0.490
1413 0.466
1414 0.372
1415 0.456
1416 0.489
1417 0.487
1418 0.361
1419 0.378
1420 0.483
1421 0.490
1422 0.487
1423 0.392
1424 0.498
1425 0.487
1426 0.399
1427 0.388
1428 0.375
1429 0.491
1430 0.485
1431 0.394
1432 0.457
1433 0.491
1434 0.486
1435 0.394
1436 0.373
1437 0.358
1438 0.369
1439 0.475
1440 0.491
1441 0.486
1442 0.486
1443 0.454
1444 0.489
1445 0.396
1446 0.381
1447 0.452
1448 0.487
1449 0.486
1450 0.486
1451 0.402
1452 0.493
1453 0.493
1454 0.487
1455 0.383
1456 0.464
1457 0.493
1458 0.489
1459 0.453
1460 0.488
1461 0.488
1462 0.486
1463 0.392
1464 0.377
1465 0.461
1466 0.489
1467 0.455
1468 0.488
1469 0.492
1470 0.489
1471 0.459
1472 0.492
1473 0.351
1474 0.372
1475 0.455
1476 0.492
1477 0.489
1478 0.389
1479 0.403
1480 0.492
1481 0.487
1482 0.381
1483 0.454
1484 0.488
1485 0.492
1486 0.485
1487 0.460
1488 0.491
1489 0.489
1490 0.487
1491 0.414
1492 0.376
1493 0.489
1494 0.489
1495 0.467
1496 0.472
1497 0.489
1498 0.490
1499 0.393
1500 0.374
1501 0.501
1502 0.487
1503 0.465
1504 0.492
1505 0.489
1506 0.488
1507 0.395
1508 0.356
1509 0.376
1510 0.376
1511 0.463
1512 0.492
1513 0.488
1514 0.489
1515 0.465
1516 0.490
1517 0.401
1518 0.375
1519 0.466
1520 0.493
1521 0.489
1522 0.489
1523 0.467
1524 0.490
1525 0.489
1526 0.398
1527 0.400
1528 0.478
1529 0.490
1530 0.492
1531 0.468
1532 0.474
1533 0.494
1534 0.372
1535 0.370
1536 0.390
1537 0.372
1538 0.370
1539 0.468
1540 0.390
1541 0.493
1542 0.487
1543 0.402
1544 0.370
1545 0.393
1546 0.369
1547 0.376
1548 0.515
1549 0.492
1550 0.479
1551 0.471
1552 0.398
1553 0.493
1554 0.371
1555 0.375
1556 0.493
1557 0.488
1558 0.487
1559 0.472
1560 0.487
1561 0.487
1562 0.488
1563 0.390
1564 0.349
1565 0.376
1566 0.373
1567 0.472
1568 0.480
1569 0.494
1570 0.488
1571 0.397
1572 0.390
1573 0.377
1574 0.370
1575 0.478
1576 0.490
1577 0.484
1578 0.391
1579 0.478
1580 0.489
1581 0.435
1582 0.391
1583 0.469
1584 0.492
1585 0.488
1586 0.488
1587 0.481
1588 0.489
1589 0.488
1590 0.488
1591 0.370
1592 0.372
1593 0.489
1594 0.486
1595 0.480
1596 0.486
1597 0.490
1598 0.487
1599 0.370
1600 0.353
1601 0.373
1602 0.368
1603 0.475
1604 0.488
1605 0.489
1606 0.487
1607 0.483
1608 0.490
1609 0.408
1610 0.376
1611 0.480
1612 0.489
1613 0.493
1614 0.489
1615 0.489
1616 0.489
1617 0.488
1618 0.405
1619 0.387
1620 0.486
1621 0.490
1622 0.489
1623 0.493
1624 0.488
1625 0.487
1626 0.488
1627 0.375
1628 0.377
1629 0.491
1630 0.488
1631 0.486
1632 0.489
1633 0.391
1634 0.389
1635 0.371
1636 0.372
1637 0.385
1638 0.372
1639 0.485
1640 0.490
1641 0.487
1642 0.493
1643 0.489
1644 0.492
1645 0.402
1646 0.358
1647 0.464
1648 0.489
1649 0.489
1650 0.517
1651 0.374
1652 0.371
1653 0.371
1654 0.369
1655 0.353
1656 0.458
1657 0.489
1658 0.501
1659 0.491
1660 0.489
1661 0.493
1662 0.500
1663 0.371
1664 0.389
1665 0.372
1666 0.371
1667 0.487
1668 0.489
1669 0.398
1670 0.497
1671 0.487
1672 0.487
1673 0.374
1674 0.374
1675 0.490
1676 0.489
1677 0.494
1678 0.491
1679 0.471
1680 0.489
1681 0.490
1682 0.394
1683 0.398
1684 0.493
1685 0.487
1686 0.495
1687 0.354
1688 0.495
1689 0.490
1690 0.494
1691 0.345
1692 0.374
1693 0.375
1694 0.384
1695 0.491
1696 0.473
1697 0.490
1698 0.474
1699 0.372
1700 0.355
1701 0.372
1702 0.380
1703 0.483
1704 0.488
1705 0.488
1706 0.456
1707 0.489
1708 0.489
1709 0.403
1710 0.347
1711 0.476
1712 0.492
1713 0.487
1714 0.434
1715 0.490
1716 0.488
1717 0.489
1718 0.427
1719 0.374
1720 0.492
1721 0.489
1722 0.411
1723 0.477
1724 0.489
1725 0.496
1726 0.404
1727 0.367
1728 0.378
1729 0.370
1730 0.369
1731 0.490
1732 0.488
1733 0.488
1734 0.404
1735 0.490
1736 0.485
1737 0.372
1738 0.374
1739 0.458
1740 0.491
1741 0.495
1742 0.405
1743 0.491
1744 0.487
1745 0.491
1746 0.374
1747 0.370
1748 0.490
1749 0.486
1750 0.364
1751 0.455
1752 0.491
1753 0.490
1754 0.392
1755 0.376
1756 0.375
1757 0.372
1758 0.397
1759 0.490
1760 0.487
1761 0.486
1762 0.466
1763 0.487
1764 0.394
1765 0.375
1766 0.469
1767 0.487
1768 0.486
1769 0.487
1770 0.482
1771 0.485
1772 0.486
1773 0.403
1774 0.392
1775 0.483
1776 0.487
1777 0.486
1778 0.465
1779 0.490
1780 0.451
1781 0.491
1782 0.407
1783 0.377
1784 0.371
1785 0.368
1786 0.454
1787 0.488
1788 0.487
1789 0.436
1790 0.383
1791 0.331
1792 0.370
1793 0.369
1794 0.455
1795 0.494
1796 0.488
1797 0.417
1798 0.456
1799 0.488
1800 0.489
1801 0.427
1802 0.456
1803 0.392
1804 0.493
1805 0.493
1806 0.453
1807 0.489
1808 0.486
1809 0.489
1810 0.397
1811 0.377
1812 0.491
1813 0.490
1814 0.459
1815 0.469
1816 0.492
1817 0.489
1818 0.395
1819 0.376
1820 0.370
1821 0.375
1822 0.462
1823 0.491
1824 0.490
1825 0.489
1826 0.462
1827 0.494
1828 0.400
1829 0.362
1830 0.458
1831 0.392
1832 0.389
1833 0.373
1834 0.463
1835 0.492
1836 0.489
1837 0.413
1838 0.382
1839 0.373
1840 0.370
1841 0.370
1842 0.383
1843 0.384
1844 0.381
1845 0.383
1846 0.366
1847 0.340
1848 0.366
1849 0.366
1850 0.459
1851 0.397
1852 0.487
1853 0.488
1854 0.391
1855 0.373
1856 0.380
1857 0.365
1858 0.459
1859 0.484
1860 0.488
1861 0.487
1862 0.465
1863 0.492
1864 0.404
1865 0.385
1866 0.463
1867 0.485
1868 0.463
1869 0.394
1870 0.470
1871 0.487
1872 0.488
1873 0.487
1874 0.345
1875 0.452
1876 0.493
1877 0.490
1878 0.478
1879 0.488
1880 0.483
1881 0.488
1882 0.371
1883 0.342
1884 0.369
1885 0.372
1886 0.471
1887 0.492
1888 0.487
1889 0.487
1890 0.476
1891 0.490
1892 0.370
1893 0.371
1894 0.474
1895 0.491
1896 0.393
1897 0.371
1898 0.473
1899 0.490
1900 0.370
1901 0.377
1902 0.385
1903 0.483
1904 0.492
1905 0.487
1906 0.479
1907 0.490
1908 0.490
1909 0.486
1910 0.399
1911 0.374
1912 0.371
1913 0.370
1914 0.479
1915 0.489
1916 0.492
1917 0.494
1918 0.371
1919 0.373
1920 0.387
1921 0.369
1922 0.479
1923 0.484
1924 0.388
1925 0.367
1926 0.308
1927 0.303
1928 0.302
1929 0.368
1930 0.492
1931 0.490
1932 0.482
1933 0.492
1934 0.486
1935 0.490
1936 0.488
1937 0.495
1938 0.395
1939 0.371
1940 0.363
1941 0.375
1942 0.388
1943 0.364
1944 0.383
1945 0.364
1946 0.365
1947 0.346
1948 0.364
1949 0.367
1950 0.480
1951 0.483
1952 0.380
1953 0.365
1954 0.476
1955 0.483
1956 0.484
1957 0.377
1958 0.470
1959 0.486
1960 0.485
1961 0.366
1962 0.489
1963 0.364
1964 0.363
1965 0.333
1966 0.384
1967 0.365
1968 0.367
1969 0.374
1970 0.479
1971 0.364
1972 0.365
1973 0.363
1974 0.383
1975 0.376
1976 0.364
1977 0.363
1978 0.482
1979 0.483
1980 0.484
1981 0.505
1982 0.483
1983 0.485
1984 0.386
1985 0.373
1986 0.463
1987 0.482
1988 0.490
1989 0.447
1990 0.474
1991 0.483
1992 0.483
1993 0.433
1994 0.359
1995 0.364
1996 0.361
1997 0.386
1998 0.490
1999 0.486
2000 0.479
2001 0.508
2002 0.371
2003 0.394
2004 0.372
2005 0.376
2006 0.361
2007 0.494
2008 0.489
2009 0.495
2010 0.363
2011 0.369
2012 0.398
2013 0.381
2014 0.490
2015 0.487
2016 0.480
2017 0.467
2018 0.490
2019 0.489
2020 0.486
2021 0.344
2022 0.456
2023 0.490
2024 0.489
2025 0.420
2026 0.495
2027 0.486
2028 0.490
2029 0.391
2030 0.401
2031 0.470
2032 0.487
2033 0.410
2034 0.497
2035 0.488
2036 0.485
2037 0.385
2038 0.369
2039 0.357
2040 0.374
2041 0.364
2042 0.490
2043 0.387
2044 0.370
2045 0.491
2046 0.486
2047 0.488
2048 0.399
2049 0.368
2050 0.473
2051 0.488
2052 0.488
2053 0.367
2054 0.497
2055 0.485
2056 0.486
2057 0.362
2058 0.346
2059 0.372
2060 0.369
2061 0.377
2062 0.493
2063 0.488
2064 0.409
2065 0.371
2066 0.370
2067 0.373
2068 0.371
2069 0.471
2070 0.451
2071 0.505
2072 0.479
2073 0.456
2074 0.491
2075 0.489
2076 0.370
2077 0.383
2078 0.490
2079 0.487
2080 0.491
2081 0.398
2082 0.492
2083 0.488
2084 0.491
2085 0.374
2086 0.359
2087 0.398
2088 0.373
2089 0.471
2090 0.486
2091 0.499
2092 0.492
2093 0.400
2094 0.374
2095 0.398
2096 0.371
2097 0.443
2098 0.505
2099 0.488
2100 0.489
2101 0.461
2102 0.474
2103 0.369
2104 0.373
2105 0.395
2106 0.486
2107 0.490
2108 0.488
2109 0.464
2110 0.491
2111 0.490
2112 0.488
2113 0.396
2114 0.392
2115 0.372
2116 0.373
2117 0.371
2118 0.493
2119 0.500
2120 0.371
2121 0.383
2122 0.378
2123 0.405
2124 0.370
2125 0.462
2126 0.485
2127 0.482
2128 0.486
2129 0.472
2130 0.491
2131 0.488
2132 0.356
2133 0.374
2134 0.457
2135 0.491
2136 0.489
2137 0.387
2138 0.490
2139 0.488
2140 0.489
2141 0.435
2142 0.382
2143 0.370
2144 0.370
2145 0.463
2146 0.490
2147 0.373
2148 0.374
2149 0.370
2150 0.358
2151 0.375
2152 0.371
2153 0.462
2154 0.492
2155 0.482
2156 0.484
2157 0.463
2158 0.363
2159 0.377
2160 0.355
2161 0.464
2162 0.485
2163 0.481
2164 0.484
2165 0.468
2166 0.511
2167 0.491
2168 0.489
2169 0.372
2170 0.380
2171 0.371
2172 0.366
2173 0.401
2174 0.487
2175 0.484
2176 0.488
2177 0.370
2178 0.389
2179 0.382
2180 0.369
2181 0.471
2182 0.513
2183 0.488
2184 0.485
2185 0.471
2186 0.490
2187 0.399
2188 0.362
2189 0.476
2190 0.490
2191 0.493
2192 0.490
2193 0.478
2194 0.488
2195 0.488
2196 0.399
2197 0.395
2198 0.474
2199 0.489
2200 0.488
2201 0.478
2202 0.490
2203 0.489
2204 0.489
2205 0.378
2206 0.402
2207 0.472
2208 0.488
2209 0.482
2210 0.489
2211 0.487
2212 0.489
2213 0.481
2214 0.487
2215 0.406
2216 0.371
2217 0.477
2218 0.490
2219 0.490
2220 0.489
2221 0.471
2222 0.488
2223 0.492
2224 0.382
2225 0.458
2226 0.491
2227 0.489
2228 0.487
2229 0.490
2230 0.488
2231 0.489
2232 0.491
2233 0.353
2234 0.456
2235 0.490
2236 0.487
2237 0.518
2238 0.490
2239 0.487
2240 0.486
2241 0.371
2242 0.347
2243 0.370
2244 0.370
2245 0.484
2246 0.488
2247 0.485
2248 0.489
2249 0.485
2250 0.491
2251 0.370
2252 0.372
2253 0.487
2254 0.485
2255 0.486
2256 0.499
2257 0.487
2258 0.490
2259 0.487
2260 0.418
2261 0.379
2262 0.489
2263 0.491
2264 0.523
2265 0.376
2266 0.372
2267 0.370
2268 0.375
2269 0.397
2270 0.374
2271 0.370
2272 0.326
2273 0.483
2274 0.485
2275 0.489
2276 0.368
2277 0.369
2278 0.352
2279 0.383
2280 0.363
2281 0.479
2282 0.481
2283 0.481
2284 0.503
2285 0.488
2286 0.488
2287 0.395
2288 0.340
2289 0.388
2290 0.497
2291 0.485
2292 0.499
2293 0.389
2294 0.492
2295 0.487
2296 0.415
2297 0.404
2298 0.369
2299 0.367
2300 0.379
2301 0.459
2302 0.490
2303 0.486
2304 0.504
2305 0.374
2306 0.360
2307 0.368
2308 0.372
2309 0.487
2310 0.489
2311 0.481
2312 0.477
2313 0.488
2314 0.490
2315 0.388
2316 0.413
2317 0.493
2318 0.486
2319 0.369
2320 0.362
2321 0.486
2322 0.484
2323 0.491
2324 0.385
2325 0.374
2326 0.490
2327 0.489
2328 0.403
2329 0.492
2330 0.486
2331 0.487
2332 0.340
2333 0.352
2334 0.373
2335 0.368
2336 0.345
2337 0.486
2338 0.490
2339 0.488
2340 0.400
2341 0.371
2342 0.374
2343 0.392
2344 0.373
2345 0.453
2346 0.493
2347 0.488
2348 0.399
2349 0.501
2350 0.493
2351 0.420
2352 0.389
2353 0.486
2354 0.488
2355 0.488
2356 0.385
2357 0.460
2358 0.490
2359 0.489
2360 0.396
2361 0.432
2362 0.372
2363 0.376
2364 0.486
2365 0.495
2366 0.488
2367 0.488
2368 0.402
2369 0.377
2370 0.351
2371 0.370
2372 0.401
2373 0.497
2374 0.488
2375 0.490
2376 0.465
2377 0.492
2378 0.489
2379 0.384
2380 0.372
2381 0.377
2382 0.384
2383 0.489
2384 0.448
2385 0.489
2386 0.485
2387 0.399
2388 0.376
2389 0.329
2390 0.372
2391 0.383
2392 0.454
2393 0.490
2394 0.488
2395 0.489
2396 0.395
2397 0.358
2398 0.375
2399 0.490
2400 0.455
2401 0.394
2402 0.388
2403 0.370
2404 0.459
2405 0.491
2406 0.397
2407 0.361
2408 0.464
2409 0.492
2410 0.488
2411 0.488
2412 0.458
2413 0.498
2414 0.490
2415 0.487
2416 0.369
2417 0.376
2418 0.490
2419 0.489
2420 0.399
2421 0.458
2422 0.494
2423 0.487
2424 0.395
2425 0.374
2426 0.406
2427 0.372
2428 0.469
2429 0.496
2430 0.490
2431 0.487
2432 0.398
2433 0.494
2434 0.489
2435 0.381
2436 0.376
2437 0.493
2438 0.488
2439 0.491
2440 0.458
2441 0.492
2442 0.489
2443 0.489
2444 0.398
2445 0.352
2446 0.481
2447 0.491
2448 0.455
2449 0.492
2450 0.488
2451 0.487
2452 0.397
2453 0.406
2454 0.376
2455 0.371
2456 0.454
2457 0.495
2458 0.488
2459 0.388
2460 0.458
2461 0.396
2462 0.377
2463 0.389
2464 0.459
2465 0.492
2466 0.491
2467 0.489
2468 0.455
2469 0.489
2470 0.485
2471 0.395
2472 0.360
2473 0.475
2474 0.487
2475 0.487
2476 0.457
2477 0.493
2478 0.487
2479 0.488
2480 0.393
2481 0.394
2482 0.372
2483 0.371
2484 0.467
2485 0.473
2486 0.489
2487 0.491
2488 0.397
2489 0.372
2490 0.399
2491 0.371
2492 0.463
2493 0.495
2494 0.388
2495 0.371
2496 0.468
2497 0.490
2498 0.488
2499 0.379
2500 0.407
2501 0.493
2502 0.486
2503 0.489
2504 0.462
2505 0.495
2506 0.490
2507 0.486
2508 0.382
2509 0.375
2510 0.368
2511 0.370
2512 0.464
2513 0.491
2514 0.488
2515 0.491
2516 0.393
2517 0.392
2518 0.373
2519 0.368
2520 0.456
2521 0.482
2522 0.486
2523 0.486
2524 0.394
2525 0.373
2526 0.396
2527 0.371
2528 0.338
2529 0.476
2530 0.491
2531 0.489
2532 0.466
2533 0.490
2534 0.489
2535 0.360
2536 0.373
2537 0.369
2538 0.369
2539 0.362
2540 0.462
2541 0.488
2542 0.481
2543 0.485
2544 0.382
2545 0.373
2546 0.483
2547 0.486
2548 0.470
2549 0.331
2550 0.493
2551 0.369
2552 0.374
2553 0.390
2554 0.374
2555 0.490
2556 0.471
2557 0.494
2558 0.486
2559 0.485
2560 0.473
2561 0.487
2562 0.398
2563 0.360
2564 0.394
2565 0.485
2566 0.486
2567 0.485
2568 0.473
2569 0.488
2570 0.489
2571 0.395
2572 0.394
2573 0.485
2574 0.489
2575 0.486
2576 0.482
2577 0.487
2578 0.487
2579 0.368
2580 0.376
2581 0.387
2582 0.368
2583 0.364
2584 0.483
2585 0.486
2586 0.489
2587 0.485
2588 0.369
2589 0.377
2590 0.402
2591 0.369
2592 0.474
2593 0.488
2594 0.451
2595 0.389
2596 0.483
2597 0.396
2598 0.374
2599 0.382
2600 0.466
2601 0.493
2602 0.488
2603 0.488
2604 0.485
2605 0.495
2606 0.489
2607 0.489
2608 0.382
2609 0.463
2610 0.389
2611 0.370
2612 0.491
2613 0.489
2614 0.487
2615 0.492
2616 0.371
2617 0.379
2618 0.369
2619 0.369
2620 0.370
2621 0.496
2622 0.489
2623 0.488
2624 0.402
2625 0.371
2626 0.354
2627 0.373
2628 0.487
2629 0.489
2630 0.488
2631 0.517
2632 0.372
2633 0.370
2634 0.372
2635 0.360
2636 0.468
2637 0.494
2638 0.492
2639 0.491
2640 0.491
2641 0.485
2642 0.489
2643 0.492
2644 0.344
2645 0.374
2646 0.368
2647 0.372
2648 0.483
2649 0.487
2650 0.487
2651 0.493
2652 0.372
2653 0.354
2654 0.376
2655 0.495
2656 0.483
2657 0.488
2658 0.490
2659 0.501
2660 0.490
2661 0.390
2662 0.402
2663 0.385
2664 0.494
2665 0.493
2666 0.383
2667 0.377
2668 0.493
2669 0.495
2670 0.489
2671 0.405
2672 0.382
2673 0.370
2674 0.371
2675 0.373
2676 0.340
2677 0.491
2678 0.491
2679 0.466
2680 0.379
2681 0.387
2682 0.370
2683 0.374
2684 0.490
2685 0.487
2686 0.492
2687 0.427
2688 0.492
2689 0.416
2690 0.401
2691 0.375
2692 0.492
2693 0.492
2694 0.488
2695 0.402
2696 0.493
2697 0.489
2698 0.475
2699 0.382
2700 0.373
2701 0.373
2702 0.374
2703 0.341
2704 0.487
2705 0.489
2706 0.489
2707 0.363
2708 0.392
2709 0.372
2710 0.368
2711 0.365
2712 0.489
2713 0.484
2714 0.489
2715 0.365
2716 0.370
2717 0.346
2718 0.367
2719 0.375
2720 0.488
2721 0.483
2722 0.491
2723 0.401
2724 0.493
2725 0.490
2726 0.408
2727 0.373
2728 0.368
2729 0.492
2730 0.488
2731 0.488
2732 0.490
2733 0.492
2734 0.492
2735 0.370
2736 0.392
2737 0.491
2738 0.490
2739 0.452
2740 0.461
2741 0.491
2742 0.488
2743 0.394
2744 0.402
2745 0.377
2746 0.490
2747 0.456
2748 0.390
2749 0.499
2750 0.487
2751 0.395
2752 0.374
2753 0.389
2754 0.375
2755 0.455
2756 0.390
2757 0.496
2758 0.486
2759 0.478
2760 0.490
2761 0.489
2762 0.398
2763 0.363
2764 0.473
2765 0.496
2766 0.488
2767 0.457
2768 0.490
2769 0.491
2770 0.486
2771 0.400
2772 0.380
2773 0.485
2774 0.490
2775 0.393
2776 0.376
2777 0.465
2778 0.491
2779 0.397
2780 0.369
2781 0.378
2782 0.369
2783 0.456
2784 0.490
2785 0.487
2786 0.516
2787 0.453
2788 0.487
2789 0.409
2790 0.395
2791 0.466
2792 0.490
2793 0.490
2794 0.490
2795 0.461
2796 0.488
2797 0.492
2798 0.489
2799 0.350
2800 0.455
2801 0.488
2802 0.489
2803 0.463
2804 0.474
2805 0.489
2806 0.487
2807 0.394
2808 0.347
2809 0.372
2810 0.369
2811 0.463
2812 0.488
2813 0.492
2814 0.491
2815 0.393
2816 0.373
2817 0.376
2818 0.374
2819 0.463
2820 0.488
2821 0.488
2822 0.487
2823 0.467
2824 0.488
2825 0.490
2826 0.403
2827 0.375
2828 0.493
2829 0.492
2830 0.489
2831 0.466
2832 0.489
2833 0.486
2834 0.491
2835 0.406
2836 0.373
2837 0.369
2838 0.373
2839 0.469
2840 0.483
2841 0.489
2842 0.488
2843 0.394
2844 0.371
2845 0.363
2846 0.368
2847 0.469
2848 0.490
2849 0.486
2850 0.486
2851 0.475
2852 0.488
2853 0.464
2854 0.366
2855 0.467
2856 0.492
2857 0.489
2858 0.488
2859 0.476
2860 0.488
2861 0.492
2862 0.492
2863 0.398
2864 0.371
2865 0.370
2866 0.371
2867 0.479
2868 0.489
2869 0.489
2870 0.487
2871 0.370
2872 0.355
2873 0.374
2874 0.369
2875 0.479
2876 0.469
2877 0.496
2878 0.487
2879 0.476
2880 0.489
2881 0.404
2882 0.374
2883 0.474
2884 0.487
2885 0.489
2886 0.368
2887 0.477
2888 0.487
2889 0.487
2890 0.419
2891 0.380
2892 0.371
2893 0.376
2894 0.371
2895 0.470
2896 0.454
2897 0.491
2898 0.490
2899 0.353
2900 0.371
2901 0.372
2902 0.361
2903 0.469
2904 0.488
2905 0.483
2906 0.480
2907 0.370
2908 0.383
2909 0.394
2910 0.365
2911 0.477
2912 0.486
2913 0.484
2914 0.493
2915 0.479
2916 0.492
2917 0.397
2918 0.376
2919 0.483
2920 0.489
2921 0.491
2922 0.488
2923 0.487
2924 0.489
2925 0.395
2926 0.374
2927 0.374
2928 0.478
2929 0.488
2930 0.494
2931 0.493
2932 0.489
2933 0.490
2934 0.496
2935 0.371
2936 0.382
2937 0.372
2938 0.370
2939 0.485
2940 0.488
2941 0.439
2942 0.486
2943 0.369
2944 0.372
2945 0.392
2946 0.371
2947 0.485
2948 0.488
2949 0.490
2950 0.499
2951 0.465
2952 0.491
2953 0.492
2954 0.343
2955 0.457
2956 0.490
2957 0.493
2958 0.500
2959 0.488
2960 0.491
2961 0.489
2962 0.511
2963 0.338
2964 0.372
2965 0.371
2966 0.374
2967 0.489
2968 0.486
2969 0.490
2970 0.508
2971 0.368
2972 0.390
2973 0.378
2974 0.376
2975 0.368
2976 0.361
2977 0.369
2978 0.397
2979 0.483
2980 0.486
2981 0.416
2982 0.377
2983 0.477
2984 0.482
2985 0.483
2986 0.398
2987 0.554
2988 0.372
2989 0.496
2990 0.411
2991 0.388
2992 0.371
2993 0.371
2994 0.397
2995 0.388
2996 0.489
2997 0.483
2998 0.450
2999 0.385
3000 0.464
3001 0.491
3002 0.449
3003 0.370
3004 0.392
3005 0.379
3006 0.346
3007 0.488
3008 0.482
3009 0.483
3010 0.408
3011 0.496
3012 0.490
3013 0.380
3014 0.385
3015 0.372
3016 0.385
3017 0.382
3018 0.334
3019 0.490
3020 0.482
3021 0.486
3022 0.359
3023 0.374
3024 0.487
3025 0.482
3026 0.381
3027 0.454
3028 0.492
3029 0.488
3030 0.363
3031 0.373
3032 0.344
3033 0.369
3034 0.370
3035 0.368
3036 0.374
3037 0.384
3038 0.364
3039 0.493
3040 0.394
3041 0.363
3042 0.369
3043 0.495
3044 0.480
3045 0.487
3046 0.392
3047 0.490
3048 0.480
3049 0.470
3050 0.376
3051 0.455
3052 0.489
3053 0.493
3054 0.396
3055 0.494
3056 0.489
3057 0.488
3058 0.398
3059 0.388
3060 0.383
3061 0.374
3062 0.358
3063 0.381
3064 0.383
3065 0.380
3066 0.444
3067 0.486
3068 0.386
3069 0.382
3070 0.446
3071 0.484
3072 0.480
3073 0.482
3074 0.447
3075 0.487
3076 0.502
3077 0.396
3078 0.394
3079 0.369
3080 0.381
3081 0.380
3082 0.357
3083 0.385
3084 0.382
3085 0.384
3086 0.387
3087 0.360
3088 0.488
3089 0.483
3090 0.451
3091 0.459
3092 0.482
3093 0.480
3094 0.488
3095 0.373
3096 0.361
3097 0.382
3098 0.382
3099 0.382
3100 0.380
3101 0.384
3102 0.455
3103 0.485
3104 0.393
3105 0.362
3106 0.454
3107 0.483
3108 0.484
3109 0.485
3110 0.398
3111 0.489
3112 0.486
3113 0.403
3114 0.347
3115 0.456
3116 0.487
3117 0.486
3118 0.457
3119 0.485
3120 0.502
3121 0.489
3122 0.453
3123 0.389
3124 0.461
3125 0.489
3126 0.466
3127 0.491
3128 0.489
3129 0.491
3130 0.465
3131 0.480
3132 0.376
3133 0.378
3134 0.464
3135 0.485
3136 0.483
3137 0.489
3138 0.395
3139 0.385
3140 0.493
3141 0.362
3142 0.385
3143 0.371
3144 0.382
3145 0.382
3146 0.463
3147 0.483
3148 0.482
3149 0.487
3150 0.340
3151 0.377
3152 0.374
3153 0.383
3154 0.469
3155 0.472
3156 0.484
3157 0.482
3158 0.486
3159 0.381
3160 0.374
3161 0.381
3162 0.463
3163 0.480
3164 0.481
3165 0.488
3166 0.487
3167 0.503
3168 0.344
3169 0.375
3170 0.466
3171 0.483
3172 0.483
3173 0.485
3174 0.469
3175 0.490
3176 0.488
3177 0.442
3178 0.393
3179 0.377
3180 0.385
3181 0.389
3182 0.470
3183 0.485
3184 0.483
3185 0.482
3186 0.365
3187 0.342
3188 0.376
3189 0.384
3190 0.471
3191 0.483
3192 0.483
3193 0.371
3194 0.478
3195 0.489
3196 0.351
3197 0.376
3198 0.473
3199 0.482
3200 0.486
3201 0.483
3202 0.486
3203 0.484
3204 0.482
3205 0.425
3206 0.387
3207 0.372
3208 0.386
3209 0.382
3210 0.471
3211 0.484
3212 0.482
3213 0.488
3214 0.391
3215 0.373
3216 0.382
3217 0.383
3218 0.488
3219 0.483
3220 0.484
3221 0.486
3222 0.486
3223 0.484
3224 0.379
3225 0.374
3226 0.449
3227 0.484
3228 0.481
3229 0.485
3230 0.472
3231 0.480
3232 0.443
3233 0.374
3234 0.371
3235 0.383
3236 0.381
3237 0.381
3238 0.476
3239 0.484
3240 0.482
3241 0.482
3242 0.383
3243 0.376
3244 0.383
3245 0.389
3246 0.486
3247 0.482
3248 0.484
3249 0.484
3250 0.493
3251 0.382
3252 0.375
3253 0.382
3254 0.482
3255 0.379
3256 0.494
3257 0.513
3258 0.365
3259 0.366
3260 0.378
3261 0.379
3262 0.483
3263 0.490
3264 0.497
3265 0.371
3266 0.488
3267 0.364
3268 0.363
3269 0.340
3270 0.354
3271 0.380
3272 0.387
3273 0.415
3274 0.480
3275 0.373
3276 0.481
3277 0.504
3278 0.348
3279 0.362
3280 0.382
3281 0.407
3282 0.393
3283 0.486
3284 0.479
3285 0.399
3286 0.400
3287 0.349
3288 0.374
3289 0.389
3290 0.485
3291 0.486
3292 0.481
3293 0.412
3294 0.486
3295 0.490
3296 0.387
3297 0.343
3298 0.484
3299 0.481
3300 0.487
3301 0.491
3302 0.491
3303 0.488
3304 0.485
3305 0.411
3306 0.358
3307 0.369
3308 0.381
3309 0.376
3310 0.482
3311 0.482
3312 0.480
3313 0.430
3314 0.378
3315 0.369
3316 0.369
3317 0.353
3318 0.487
3319 0.480
3320 0.482
3321 0.425
3322 0.485
3323 0.480
3324 0.385
3325 0.349
3326 0.491
3327 0.471
3328 0.488
3329 0.408
3330 0.497
3331 0.489
3332 0.488
3333 0.371
3334 0.382
3335 0.368
3336 0.384
3337 0.367
3338 0.486
3339 0.480
3340 0.485
3341 0.374
3342 0.364
3343 0.375
3344 0.370
3345 0.367
3346 0.442
3347 0.485
3348 0.480
3349 0.357
3350 0.490
3351 0.390
3352 0.337
3353 0.375
3354 0.488
3355 0.482
3356 0.482
3357 0.495
3358 0.488
3359 0.489
3360 0.488
3361 0.378
3362 0.372
3363 0.377
3364 0.381
3365 0.454
3366 0.395
3367 0.492
3368 0.486
3369 0.404
3370 0.394
3371 0.373
3372 0.382
3373 0.455
3374 0.486
3375 0.485
3376 0.484
3377 0.489
3378 0.456
3379 0.362
3380 0.382
3381 0.478
3382 0.483
3383 0.483
3384 0.482
3385 0.487
3386 0.482
3387 0.499
3388 0.417
3389 0.386
3390 0.371
3391 0.382
3392 0.384
3393 0.449
3394 0.484
3395 0.501
3396 0.487
3397 0.489
3398 0.361
3399 0.390
3400 0.374
3401 0.453
3402 0.486
3403 0.484
3404 0.483
3405 0.491
3406 0.484
3407 0.365
3408 0.379
3409 0.469
3410 0.463
3411 0.483
3412 0.501
3413 0.457
3414 0.480
3415 0.488
3416 0.394
3417 0.359
3418 0.372
3419 0.358
3420 0.386
3421 0.470
3422 0.451
3423 0.485
3424 0.483
3425 0.410
3426 0.364
3427 0.371
3428 0.385
3429 0.464
3430 0.489
3431 0.482
3432 0.485
3433 0.389
3434 0.384
3435 0.384
3436 0.371
3437 0.448
3438 0.486
3439 0.484
3440 0.482
3441 0.452
3442 0.459
3443 0.401
3444 0.371
3445 0.469
3446 0.484
3447 0.481
3448 0.484
3449 0.449
3450 0.484
3451 0.483
3452 0.404
3453 0.384
3454 0.373
3455 0.385
3456 0.383
3457 0.451
3458 0.485
3459 0.483
3460 0.484
3461 0.406
3462 0.381
3463 0.376
3464 0.391
3465 0.453
3466 0.490
3467 0.390
3468 0.398
3469 0.508
3470 0.481
3471 0.381
3472 0.373
3473 0.473
3474 0.463
3475 0.484
3476 0.483
3477 0.458
3478 0.487
3479 0.485
3480 0.392
3481 0.462
3482 0.492
3483 0.488
3484 0.486
3485 0.469
3486 0.456
3487 0.490
3488 0.487
3489 0.372
3490 0.381
3491 0.380
3492 0.380
3493 0.457
3494 0.482
3495 0.481
3496 0.485
3497 0.391
3498 0.388
3499 0.376
3500 0.383
3501 0.463
3502 0.485
3503 0.484
3504 0.484
3505 0.489
3506 0.467
3507 0.390
3508 0.365
3509 0.466
3510 0.490
3511 0.388
3512 0.493
3513 0.463
3514 0.490
3515 0.490
3516 0.488
3517 0.391
3518 0.373
3519 0.387
3520 0.383
3521 0.458
3522 0.487
3523 0.487
3524 0.485
3525 0.340
3526 0.395
3527 0.384
3528 0.383
3529 0.488
3530 0.483
3531 0.483
3532 0.488
3533 0.467
3534 0.402
3535 0.361
3536 0.384
3537 0.463
3538 0.472
3539 0.483
3540 0.463
3541 0.457
3542 0.483
3543 0.461
3544 0.373
3545 0.472
3546 0.453
3547 0.489
3548 0.487
3549 0.482
3550 0.488
3551 0.388
3552 0.373
3553 0.404
3554 0.371
3555 0.380
3556 0.380
3557 0.465
3558 0.491
3559 0.478
3560 0.484
3561 0.362
3562 0.383
3563 0.372
3564 0.381
3565 0.473
3566 0.483
3567 0.482
3568 0.483
3569 0.487
3570 0.481
3571 0.344
3572 0.370
3573 0.469
3574 0.481
3575 0.482
3576 0.481
3577 0.474
3578 0.481
3579 0.492
3580 0.410
3581 0.378
3582 0.373
3583 0.372
3584 0.349
3585 0.351
3586 0.384
3587 0.367
3588 0.362
3589 0.387
3590 0.446
3591 0.485
3592 0.487
3593 0.483
3594 0.483
3595 0.481
3596 0.484
3597 0.353
3598 0.396
3599 0.375
3600 0.486
3601 0.485
3602 0.459
3603 0.487
3604 0.502
3605 0.483
3606 0.492
3607 0.488
3608 0.384
3609 0.461
3610 0.489
3611 0.486
3612 0.524
3613 0.376
3614 0.371
3615 0.370
3616 0.361
3617 0.346
3618 0.369
3619 0.490
3620 0.517
3621 0.482
3622 0.489
3623 0.488
3624 0.537
3625 0.370
3626 0.345
3627 0.374
3628 0.371
3629 0.488
3630 0.481
3631 0.489
3632 0.513
3633 0.441
3634 0.492
3635 0.409
3636 0.399
3637 0.493
3638 0.430
3639 0.484
3640 0.493
3641 0.490
3642 0.488
3643 0.492
3644 0.495
3645 0.395
3646 0.461
3647 0.488
3648 0.499
3649 0.489
3650 0.488
3651 0.404
3652 0.387
3653 0.370
3654 0.394
3655 0.376
3656 0.385
3657 0.493
3658 0.488
3659 0.490
3660 0.500
3661 0.492
3662 0.492
3663 0.429
3664 0.397
3665 0.339
3666 0.496
3667 0.489
3668 0.379
3669 0.499
3670 0.489
3671 0.485
3672 0.473
3673 0.356
3674 0.373
3675 0.371
3676 0.347
3677 0.497
3678 0.486
3679 0.489
3680 0.445
3681 0.369
3682 0.375
3683 0.361
3684 0.340
3685 0.487
3686 0.481
3687 0.493
3688 0.427
3689 0.493
3690 0.488
3691 0.488
3692 0.374
3693 0.467
3694 0.488
3695 0.488
3696 0.400
3697 0.401
3698 0.493
3699 0.489
3700 0.409
3701 0.407
3702 0.371
3703 0.371
3704 0.371
3705 0.492
3706 0.491
3707 0.488
3708 0.405
3709 0.374
3710 0.359
3711 0.373
3712 0.375
3713 0.488
3714 0.492
3715 0.488
3716 0.398
3717 0.496
3718 0.489
3719 0.381
3720 0.392
3721 0.499
3722 0.487
3723 0.488
3724 0.459
3725 0.494
3726 0.403
3727 0.390
3728 0.361
3729 0.383
3730 0.494
3731 0.488
3732 0.468
3733 0.490
3734 0.490
3735 0.390
3736 0.371
3737 0.350
3738 0.379
3739 0.372
3740 0.456
3741 0.497
3742 0.487
3743 0.492
3744 0.456
3745 0.493
3746 0.408
3747 0.383
3748 0.455
3749 0.489
3750 0.486
3751 0.486
3752 0.394
3753 0.403
3754 0.481
3755 0.489
3756 0.398
3757 0.469
3758 0.493
3759 0.489
3760 0.455
3761 0.463
3762 0.489
3763 0.488
3764 0.394
3765 0.357
3766 0.376
3767 0.370
3768 0.455
3769 0.401
3770 0.494
3771 0.488
3772 0.399
3773 0.375
3774 0.391
3775 0.376
3776 0.458
3777 0.499
3778 0.370
3779 0.372
3780 0.476
3781 0.485
3782 0.499
3783 0.398
3784 0.383
3785 0.485
3786 0.397
3787 0.496
3788 0.459
3789 0.494
3790 0.491
3791 0.489
3792 0.397
3793 0.390
3794 0.371
3795 0.370
3796 0.474
3797 0.502
3798 0.488
3799 0.490
3800 0.394
3801 0.373
3802 0.406
3803 0.469
3804 0.462
3805 0.497
3806 0.485
3807 0.489
3808 0.465
3809 0.492
3810 0.488
3811 0.359
3812 0.456
3813 0.493
3814 0.389
3815 0.369
3816 0.463
3817 0.493
3818 0.489
3819 0.489
3820 0.382
3821 0.377
3822 0.374
3823 0.369
3824 0.468
3825 0.473
3826 0.487
3827 0.425
3828 0.397
3829 0.356
3830 0.373
3831 0.493
3832 0.470
3833 0.487
3834 0.487
3835 0.487
3836 0.472
3837 0.373
3838 0.369
3839 0.392
3840 0.466
3841 0.489
3842 0.400
3843 0.371
3844 0.478
3845 0.390
3846 0.495
3847 0.486
3848 0.377
3849 0.373
3850 0.369
3851 0.368
3852 0.465
3853 0.487
3854 0.491
3855 0.487
3856 0.396
3857 0.374
3858 0.355
3859 0.361
3860 0.467
3861 0.481
3862 0.489
3863 0.487
3864 0.475
3865 0.488
3866 0.395
3867 0.392
3868 0.475
3869 0.493
3870 0.488
3871 0.368
3872 0.367
3873 0.484
3874 0.489
3875 0.418
3876 0.391
3877 0.370
3878 0.368
3879 0.360
3880 0.478
3881 0.486
3882 0.481
3883 0.492
3884 0.370
3885 0.401
3886 0.362
3887 0.362
3888 0.490
3889 0.491
3890 0.479
3891 0.487
3892 0.482
3893 0.493
3894 0.375
3895 0.372
3896 0.477
3897 0.489
3898 0.490
3899 0.488
3900 0.484
3901 0.494
3902 0.489
3903 0.388
3904 0.455
3905 0.490
3906 0.488
3907 0.491
3908 0.483
3909 0.491
3910 0.488
3911 0.488
3912 0.395
3913 0.375
3914 0.494
3915 0.488
3916 0.487
3917 0.494
3918 0.489
3919 0.489
3920 0.379
3921 0.392
3922 0.379
3923 0.494
3924 0.490
3925 0.490
3926 0.369
3927 0.372
3928 0.487
3929 0.487
3930 0.420
3931 0.375
3932 0.490
3933 0.492
3934 0.486
3935 0.494
3936 0.489
3937 0.490
3938 0.489
3939 0.379
3940 0.384
3941 0.490
3942 0.488
3943 0.557
3944 0.485
3945 0.489
3946 0.371
3947 0.406
3948 0.375
3949 0.355
3950 0.480
3951 0.493
3952 0.441
3953 0.492
3954 0.488
3955 0.494
3956 0.489
3957 0.488
3958 0.397
3959 0.393
3960 0.371
3961 0.371
3962 0.369
3963 0.407
3964 0.492
3965 0.486
3966 0.484
3967 0.401
3968 0.371
3969 0.370
3970 0.363
3971 0.367
3972 0.487
3973 0.490
3974 0.484
3975 0.491
3976 0.396
3977 0.368
3978 0.367
3979 0.389
3980 0.485
3981 0.488
3982 0.489
3983 0.462
3984 0.364
3985 0.381
3986 0.458
3987 0.457
3988 0.485
3989 0.485
3990 0.490
3991 0.439
3992 0.494
3993 0.490
3994 0.371
3995 0.348
3996 0.492
3997 0.394
3998 0.371
3999 0.376
4000 0.488
4001 0.490
4002 0.485
4003 0.352
4004 0.451
4005 0.386
4006 0.369
4007 0.370
4008 0.488
4009 0.482
4010 0.483
4011 0.408
4012 0.389
4013 0.387
4014 0.374
4015 0.368
4016 0.447
4017 0.484
4018 0.483
4019 0.385
4020 0.371
4021 0.395
4022 0.379
4023 0.366
4024 0.496
4025 0.488
4026 0.490
4027 0.397
4028 0.495
4029 0.495
4030 0.403
4031 0.365
4032 0.478
4033 0.489
4034 0.488
4035 0.396
4036 0.497
4037 0.490
4038 0.489
4039 0.397
4040 0.376
4041 0.370
4042 0.371
4043 0.371
4044 0.371
4045 0.490
4046 0.486
4047 0.391
4048 0.371
4049 0.385
4050 0.371
4051 0.458
4052 0.506
4053 0.482
4054 0.451
4055 0.466
4056 0.490
4057 0.489
4058 0.357
4059 0.373
4060 0.371
4061 0.389
4062 0.384
4063 0.453
4064 0.382
4065 0.489
4066 0.479
4067 0.345
4068 0.467
4069 0.498
4070 0.503
4071 0.455
4072 0.483
4073 0.502
4074 0.486
4075 0.396
4076 0.348
4077 0.377
4078 0.371
4079 0.459
4080 0.483
4081 0.505
4082 0.493
4083 0.398
4084 0.372
4085 0.347
4086 0.376
4087 0.460
4088 0.489
4089 0.488
4090 0.486
4091 0.388
4092 0.495
4093 0.490
4094 0.407
4095 0.391
4096 0.486
4097 0.487
4098 0.487
4099 0.463
4100 0.490
4101 0.388
4102 0.367
4103 0.389
4104 0.374
4105 0.374
4106 0.375
4107 0.467
4108 0.493
4109 0.495
4110 0.488
4111 0.372
4112 0.374
4113 0.388
4114 0.369
4115 0.467
4116 0.479
4117 0.488
4118 0.487
4119 0.479
4120 0.489
4121 0.395
4122 0.362
4123 0.475
4124 0.490
4125 0.493
4126 0.490
4127 0.475
4128 0.491
4129 0.489
4130 0.401
4131 0.407
4132 0.473
4133 0.488
4134 0.492
4135 0.481
4136 0.454
4137 0.497
4138 0.487
4139 0.399
4140 0.399
4141 0.376
4142 0.372
4143 0.492
4144 0.488
4145 0.487
4146 0.488
4147 0.372
4148 0.371
4149 0.382
4150 0.370
4151 0.478
4152 0.490
4153 0.488
4154 0.489
4155 0.488
4156 0.488
4157 0.396
4158 0.389
4159 0.464
4160 0.490
4161 0.488
4162 0.487
4163 0.486
4164 0.489
4165 0.489
4166 0.489
4167 0.347
4168 0.451
4169 0.390
4170 0.370
4171 0.486
4172 0.490
4173 0.495
4174 0.488
4175 0.386
4176 0.358
4177 0.376
4178 0.371
4179 0.374
4180 0.351
4181 0.370
4182 0.351
4183 0.372
4184 0.320
4185 0.388
4186 0.365
4187 0.482
4188 0.484
4189 0.490
4190 0.365
4191 0.456
4192 0.483
4193 0.375
4194 0.348
4195 0.357
4196 0.363
4197 0.372
4198 0.381
4199 0.363
4200 0.368
4201 0.363
4202 0.377
4203 0.337
4204 0.363
4205 0.368
4206 0.372
4207 0.426
4208 0.491
4209 0.382
4210 0.363
4211 0.364
4212 0.396
4213 0.379
4214 0.364
4215 0.484
4216 0.482
4217 0.482
4218 0.492
4219 0.483
4220 0.484
4221 0.408
4222 0.360
4223 0.474
4224 0.485
4225 0.491
4226 0.482
4227 0.491
4228 0.482
4229 0.387
4230 0.376
4231 0.352
4232 0.453
4233 0.487
4234 0.439
4235 0.487
4236 0.490
4237 0.494
4238 0.425
4239 0.376
4240 0.389
4241 0.375
4242 0.339
4243 0.486
4244 0.459
4245 0.490
4246 0.404
4247 0.495
4248 0.488
4249 0.375
4250 0.378
4251 0.491
4252 0.490
4253 0.493
4254 0.395
4255 0.496
4256 0.489
4257 0.489
4258 0.392
4259 0.359
4260 0.372
4261 0.371
4262 0.376
4263 0.466
4264 0.489
4265 0.490
4266 0.404
4267 0.375
4268 0.378
4269 0.376
4270 0.371
4271 0.377
4272 0.371
4273 0.488
4274 0.453
4275 0.484
4276 0.483
4277 0.399
4278 0.391
4279 0.482
4280 0.488
4281 0.489
4282 0.455
4283 0.493
4284 0.462
4285 0.495
4286 0.373
4287 0.375
4288 0.367
4289 0.376
4290 0.454
4291 0.370
4292 0.369
4293 0.370
4294 0.371
4295 0.378
4296 0.365
4297 0.370
4298 0.450
4299 0.487
4300 0.482
4301 0.486
4302 0.452
4303 0.457
4304 0.503
4305 0.345
4306 0.456
4307 0.489
4308 0.489
4309 0.488
4310 0.458
4311 0.495
4312 0.488
4313 0.490
4314 0.398
4315 0.395
4316 0.487
4317 0.491
4318 0.460
4319 0.491
4320 0.489
4321 0.487
4322 0.396
4323 0.372
4324 0.389
4325 0.374
4326 0.460
4327 0.493
4328 0.492
4329 0.490
4330 0.462
4331 0.490
4332 0.489
4333 0.426
4334 0.377
4335 0.373
4336 0.367
4337 0.369
4338 0.462
4339 0.487
4340 0.486
4341 0.486
4342 0.393
4343 0.381
4344 0.457
4345 0.488
4346 0.468
4347 0.491
4348 0.487
4349 0.494
4350 0.464
4351 0.489
4352 0.381
4353 0.378
4354 0.466
4355 0.489
4356 0.485
4357 0.487
4358 0.465
4359 0.489
4360 0.487
4361 0.372
4362 0.376
4363 0.492
4364 0.490
4365 0.490
4366 0.468
4367 0.475
4368 0.389
4369 0.370
4370 0.398
4371 0.374
4372 0.371
4373 0.369
4374 0.468
4375 0.488
4376 0.486
4377 0.489
4378 0.388
4379 0.395
4380 0.374
4381 0.372
4382 0.468
4383 0.491
4384 0.488
4385 0.487
4386 0.369
4387 0.368
4388 0.375
4389 0.387
4390 0.467
4391 0.491
4392 0.488
4393 0.491
4394 0.475
4395 0.488
4396 0.488
4397 0.402
4398 0.365
4399 0.478
4400 0.490
4401 0.491
4402 0.474
4403 0.489
4404 0.489
4405 0.488
4406 0.402
4407 0.381
4408 0.474
4409 0.490
4410 0.484
4411 0.463
4412 0.492
4413 0.493
4414 0.395
4415 0.371
4416 0.346
4417 0.374
4418 0.473
4419 0.497
4420 0.489
4421 0.488
4422 0.458
4423 0.492
4424 0.488
4425 0.424
4426 0.378
4427 0.491
4428 0.489
4429 0.498
4430 0.451
4431 0.461
4432 0.490
4433 0.488
4434 0.410
4435 0.383
4436 0.371
4437 0.371
4438 0.456
4439 0.495
4440 0.490
4441 0.488
4442 0.397
4443 0.390
4444 0.379
4445 0.377
4446 0.454
4447 0.489
4448 0.488
4449 0.490
4450 0.455
4451 0.436
4452 0.376
4453 0.362
4454 0.454
4455 0.493
4456 0.488
4457 0.491
4458 0.462
4459 0.489
4460 0.488
4461 0.406
4462 0.391
4463 0.469
4464 0.490
4465 0.488
4466 0.457
4467 0.491
4468 0.493
4469 0.491
4470 0.398
4471 0.380
4472 0.371
4473 0.370
4474 0.459
4475 0.490
4476 0.489
4477 0.493
4478 0.394
4479 0.371
4480 0.387
4481 0.465
4482 0.463
4483 0.491
4484 0.487
4485 0.488
4486 0.462
4487 0.491
4488 0.490
4489 0.400
4490 0.371
4491 0.371
4492 0.491
4493 0.493
4494 0.467
4495 0.474
4496 0.389
4497 0.370
4498 0.393
4499 0.373
4500 0.371
4501 0.369
4502 0.461
4503 0.493
4504 0.488
4505 0.489
4506 0.395
4507 0.382
4508 0.374
4509 0.367
4510 0.459
4511 0.492
4512 0.482
4513 0.488
4514 0.467
4515 0.391
4516 0.369
4517 0.377
4518 0.463
4519 0.492
4520 0.493
4521 0.495
4522 0.469
4523 0.490
4524 0.489
4525 0.494
4526 0.385
4527 0.462
4528 0.370
4529 0.370
4530 0.473
4531 0.490
4532 0.492
4533 0.491
4534 0.371
4535 0.357
4536 0.379
4537 0.370
4538 0.464
4539 0.490
4540 0.489
4541 0.461
4542 0.473
4543 0.393
4544 0.461
4545 0.395
4546 0.469
4547 0.493
4548 0.488
4549 0.487
4550 0.314
4551 0.301
4552 0.303
4553 0.363
4554 0.347
4555 0.448
4556 0.491
4557 0.494
4558 0.479
4559 0.493
4560 0.487
4561 0.489
4562 0.395
4563 0.381
4564 0.458
4565 0.488
4566 0.495
4567 0.489
4568 0.487
4569 0.488
4570 0.387
4571 0.372
4572 0.393
4573 0.378
4574 0.480
4575 0.486
4576 0.491
4577 0.389
4578 0.479
4579 0.488
4580 0.484
4581 0.364
4582 0.389
4583 0.491
4584 0.486
4585 0.493
4586 0.483
4587 0.486
4588 0.487
4589 0.393
4590 0.420
4591 0.377
4592 0.371
4593 0.371
4594 0.485
4595 0.488
4596 0.487
4597 0.488
4598 0.376
4599 0.391
4600 0.374
4601 0.369
4602 0.483
4603 0.490
4604 0.487
4605 0.494
4606 0.488
4607 0.490
4608 0.397
4609 0.359
4610 0.481
4611 0.491
4612 0.389
4613 0.370
4614 0.483
4615 0.490
4616 0.487
4617 0.399
4618 0.343
4619 0.368
4620 0.368
4621 0.372
4622 0.484
4623 0.488
4624 0.485
4625 0.491
4626 0.370
4627 0.403
4628 0.372
4629 0.370
4630 0.489
4631 0.386
4632 0.371
4633 0.361
4634 0.363
4635 0.371
4636 0.398
4637 0.374
4638 0.485
4639 0.487
4640 0.485
4641 0.495
4642 0.484
4643 0.489
4644 0.490
4645 0.353
4646 0.466
4647 0.491
4648 0.490
4649 0.501
4650 0.489
4651 0.487
4652 0.369
4653 0.384
4654 0.387
4655 0.372
4656 0.364
4657 0.373
4658 0.492
4659 0.482
4660 0.489
4661 0.368
4662 0.374
4663 0.393
4664 0.373
4665 0.381
4666 0.492
4667 0.490
4668 0.483
4669 0.437
4670 0.492
4671 0.457
4672 0.400
4673 0.390
4674 0.475
4675 0.490
4676 0.489
4677 0.401
4678 0.493
4679 0.489
4680 0.488
4681 0.412
4682 0.393
4683 0.370
4684 0.370
4685 0.375
4686 0.403
4687 0.494
4688 0.488
4689 0.411
4690 0.371
4691 0.402
4692 0.374
4693 0.372
4694 0.493
4695 0.453
4696 0.490
4697 0.406
4698 0.492
4699 0.487
4700 0.381
4701 0.380
4702 0.494
4703 0.488
4704 0.488
4705 0.394
4706 0.495
4707 0.489
4708 0.489
4709 0.392
4710 0.462
4711 0.389
4712 0.370
4713 0.458
4714 0.490
4715 0.490
4716 0.488
4717 0.376
4718 0.391
4719 0.374
4720 0.370
4721 0.370
4722 0.504
4723 0.490
4724 0.489
4725 0.397
4726 0.373
4727 0.361
4728 0.377
4729 0.458
4730 0.489
4731 0.487
4732 0.488
4733 0.459
4734 0.495
4735 0.488
4736 0.404
4737 0.453
4738 0.492
4739 0.491
4740 0.388
4741 0.464
4742 0.489
4743 0.489
4744 0.487
4745 0.408
4746 0.375
4747 0.492
4748 0.487
4749 0.462
4750 0.464
4751 0.496
4752 0.488
4753 0.394
4754 0.346
4755 0.374
4756 0.373
4757 0.460
4758 0.491
4759 0.489
4760 0.488
4761 0.462
4762 0.490
4763 0.397
4764 0.348
4765 0.465
4766 0.491
4767 0.490
4768 0.488
4769 0.462
4770 0.494
4771 0.341
4772 0.372
4773 0.369
4774 0.454
4775 0.496
4776 0.489
4777 0.396
4778 0.379
4779 0.380
4780 0.352
4781 0.348
4782 0.373
4783 0.385
4784 0.372
4785 0.463
4786 0.491
4787 0.489
4788 0.391
4789 0.372
4790 0.482
4791 0.492
4792 0.355
4793 0.448
4794 0.395
4795 0.495
4796 0.487
4797 0.475
4798 0.488
4799 0.488
4800 0.371
4801 0.392
4802 0.376
4803 0.374
4804 0.373
4805 0.461
4806 0.493
4807 0.482
4808 0.489
4809 0.371
4810 0.351
4811 0.369
4812 0.490
4813 0.474
4814 0.476
4815 0.489
4816 0.488
4817 0.470
4818 0.490
4819 0.403
4820 0.361
4821 0.473
4822 0.497
4823 0.492
4824 0.489
4825 0.475
4826 0.488
4827 0.488
4828 0.491
4829 0.351
4830 0.372
4831 0.367
4832 0.370
4833 0.473
4834 0.490
4835 0.488
4836 0.498
4837 0.393
4838 0.389
4839 0.371
4840 0.368
4841 0.467
4842 0.507
4843 0.494
4844 0.490
4845 0.505
4846 0.489
4847 0.370
4848 0.371
4849 0.493
4850 0.489
4851 0.482
4852 0.487
4853 0.482
4854 0.487
4855 0.486
4856 0.377
4857 0.370
4858 0.371
4859 0.369
4860 0.363
4861 0.451
4862 0.490
4863 0.371
4864 0.370
4865 0.352
4866 0.369
4867 0.371
4868 0.370
4869 0.483
4870 0.491
4871 0.485
4872 0.490
4873 0.371
4874 0.380
4875 0.371
4876 0.371
4877 0.476
4878 0.489
4879 0.487
4880 0.487
4881 0.484
4882 0.488
4883 0.416
4884 0.378
4885 0.486
4886 0.487
4887 0.489
4888 0.489
4889 0.490
4890 0.486
4891 0.486
4892 0.512
4893 0.384
4894 0.369
4895 0.368
4896 0.368
4897 0.485
4898 0.486
4899 0.487
4900 0.493
4901 0.370
4902 0.352
4903 0.372
4904 0.507
4905 0.487
4906 0.484
4907 0.487
4908 0.492
4909 0.493
4910 0.493
4911 0.405
4912 0.376
4913 0.495
4914 0.490
4915 0.488
4916 0.492
4917 0.488
4918 0.489
4919 0.489
4920 0.398
4921 0.391
4922 0.483
4923 0.490
4924 0.493
4925 0.494
4926 0.488
4927 0.488
4928 0.493
4929 0.394
4930 0.374
4931 0.489
4932 0.493
4933 0.488
4934 0.488
4935 0.488
4936 0.384
4937 0.372
4938 0.373
4939 0.382
4940 0.389
4941 0.372
4942 0.494
4943 0.489
4944 0.458
4945 0.492
4946 0.488
4947 0.397
4948 0.363
4949 0.483
4950 0.487
4951 0.487
4952 0.441
4953 0.492
4954 0.487
4955 0.490
4956 0.423
4957 0.390
4958 0.464
4959 0.494
4960 0.417
4961 0.493
4962 0.491
4963 0.488
4964 0.401
4965 0.385
4966 0.364
4967 0.376
4968 0.371
4969 0.490
4970 0.482
4971 0.486
4972 0.403
4973 0.364
4974 0.476
4975 0.493
4976 0.489
4977 0.488
4978 0.475
4979 0.490
4980 0.487
4981 0.488
4982 0.346
4983 0.455
4984 0.495
4985 0.489
4986 0.479
4987 0.489
4988 0.494
4989 0.494
4990 0.396
4991 0.377
4992 0.370
4993 0.371
4994 0.473
4995 0.490
4996 0.495
4997 0.488
4998 0.486
4999 0.489
5000 0.376
