1 0.433
2 0.385
3 0.387
4 0.366
5 0.332
6 0.361
7 0.337
8 0.366
9 0.362
10 0.371
11 0.360
12 0.376
13 0.365
14 0.361
15 0.360
16 0.360
17 0.361
18 0.325
19 0.326
20 0.311
21 0.326
22 0.378
23 0.361
24 0.363
25 0.376
26 0.340
27 0.362
28 0.326
29 0.336
30 0.345
31 0.371
32 0.361
33 0.378
34 0.375
35 0.373
36 0.375
37 0.325
38 0.373
39 0.342
40 0.364
41 0.361
42 0.361
43 0.361
44 0.467
45 0.455
46 0.452
47 0.452
48 0.453
49 0.457
50 0.428
51 0.343
52 0.342
53 0.332
54 0.363
55 0.450
56 0.457
57 0.453
58 0.451
59 0.451
60 0.451
61 0.408
62 0.457
63 0.451
64 0.361
65 0.368
66 0.447
67 0.453
68 0.458
69 0.453
70 0.365
71 0.374
72 0.348
73 0.384
74 0.377
75 0.327
76 0.322
77 0.351
78 0.362
79 0.337
80 0.357
81 0.325
82 0.330
83 0.344
84 0.324
85 0.449
86 0.453
87 0.453
88 0.464
89 0.297
90 0.363
91 0.355
92 0.450
93 0.452
94 0.444
95 0.393
96 0.377
97 0.379
98 0.361
99 0.330
100 0.448
101 0.457
102 0.452
103 0.397
104 0.455
105 0.453
106 0.452
107 0.459
108 0.448
109 0.456
110 0.452
111 0.453
112 0.454
113 0.455
114 0.456
115 0.359
116 0.393
117 0.391
118 0.374
119 0.453
120 0.456
121 0.453
122 0.452
123 0.454
124 0.452
125 0.447
126 0.453
127 0.454
128 0.453
129 0.374
130 0.453
131 0.455
132 0.455
133 0.402
134 0.362
135 0.334
136 0.381
137 0.376
138 0.445
139 0.454
140 0.454
141 0.377
142 0.361
143 0.451
144 0.454
145 0.451
146 0.458
147 0.450
148 0.449
149 0.453
150 0.455
151 0.366
152 0.367
153 0.362
154 0.361
155 0.374
156 0.347
157 0.378
158 0.374
159 0.363
160 0.363
161 0.477
162 0.453
163 0.455
164 0.452
165 0.454
166 0.454
167 0.453
168 0.457
169 0.396
170 0.455
171 0.451
172 0.453
173 0.454
174 0.459
175 0.363
176 0.337
177 0.361
178 0.310
179 0.315
180 0.314
181 0.321
182 0.322
183 0.322
184 0.325
185 0.321
186 0.322
187 0.322
188 0.322
189 0.332
190 0.448
191 0.458
192 0.455
193 0.454
194 0.455
195 0.454
196 0.363
197 0.367
198 0.370
199 0.315
200 0.314
201 0.353
202 0.373
203 0.447
204 0.362
205 0.363
206 0.364
207 0.365
208 0.307
209 0.472
210 0.458
211 0.453
212 0.456
213 0.360
214 0.362
215 0.360
216 0.363
217 0.409
218 0.366
219 0.368
220 0.382
221 0.336
222 0.360
223 0.369
224 0.361
225 0.360
226 0.360
227 0.404
228 0.451
229 0.454
230 0.451
231 0.362
232 0.456
233 0.454
234 0.363
235 0.361
236 0.388
237 0.455
238 0.454
239 0.363
240 0.364
241 0.361
242 0.360
243 0.391
244 0.351
245 0.321
246 0.300
247 0.296
248 0.298
249 0.312
250 0.314
251 0.313
252 0.312
253 0.312
254 0.294
255 0.360
256 0.334
257 0.363
258 0.446
259 0.454
260 0.451
261 0.403
262 0.455
263 0.453
264 0.458
265 0.378
266 0.367
267 0.378
268 0.374
269 0.451
270 0.452
271 0.452
272 0.459
273 0.455
274 0.451
275 0.446
276 0.448
277 0.453
278 0.453
279 0.456
280 0.463
281 0.462
282 0.452
283 0.402
284 0.375
285 0.349
286 0.375
287 0.342
288 0.366
289 0.360
290 0.361
291 0.359
292 0.360
293 0.363
294 0.444
295 0.457
296 0.456
297 0.347
298 0.451
299 0.452
300 0.451
301 0.452
302 0.363
303 0.360
304 0.362
305 0.363
306 0.364
307 0.334
308 0.381
309 0.360
310 0.363
311 0.360
312 0.374
313 0.455
314 0.452
315 0.452
316 0.459
317 0.456
318 0.451
319 0.453
320 0.449
321 0.451
322 0.455
323 0.452
324 0.456
325 0.451
326 0.445
327 0.371
328 0.381
329 0.385
330 0.390
331 0.453
332 0.453
333 0.455
334 0.451
335 0.453
336 0.453
337 0.468
338 0.456
339 0.455
340 0.452
341 0.452
342 0.452
343 0.452
344 0.458
345 0.481
346 0.304
347 0.312
348 0.344
349 0.345
350 0.325
351 0.322
352 0.321
353 0.324
354 0.447
355 0.451
356 0.447
357 0.454
358 0.453
359 0.452
360 0.458
361 0.454
362 0.453
363 0.451
364 0.391
365 0.362
366 0.362
367 0.379
368 0.345
369 0.377
370 0.374
371 0.361
372 0.364
373 0.362
374 0.380
375 0.449
376 0.458
377 0.456
378 0.452
379 0.453
380 0.451
381 0.453
382 0.458
383 0.454
384 0.455
385 0.453
386 0.453
387 0.394
388 0.386
389 0.378
390 0.358
391 0.374
392 0.453
393 0.454
394 0.454
395 0.453
396 0.474
397 0.455
398 0.452
399 0.453
400 0.452
401 0.453
402 0.458
403 0.451
404 0.453
405 0.457
406 0.452
407 0.359
408 0.398
409 0.370
410 0.357
411 0.448
412 0.451
413 0.454
414 0.452
415 0.453
416 0.454
417 0.449
418 0.453
419 0.452
420 0.452
421 0.452
422 0.453
423 0.452
424 0.364
425 0.357
426 0.376
427 0.368
428 0.375
429 0.379
430 0.364
431 0.450
432 0.451
433 0.452
434 0.458
435 0.456
436 0.453
437 0.453
438 0.437
439 0.456
440 0.457
441 0.452
442 0.452
443 0.449
444 0.453
445 0.453
446 0.453
447 0.389
448 0.360
449 0.346
450 0.362
451 0.361
452 0.369
453 0.453
454 0.452
455 0.453
456 0.456
457 0.451
458 0.451
459 0.452
460 0.457
461 0.454
462 0.456
463 0.450
464 0.454
465 0.458
466 0.367
467 0.337
468 0.380
469 0.358
470 0.448
471 0.452
472 0.457
473 0.450
474 0.453
475 0.451
476 0.457
477 0.481
478 0.333
479 0.323
480 0.322
481 0.322
482 0.323
483 0.322
484 0.323
485 0.323
486 0.321
487 0.325
488 0.400
489 0.376
490 0.375
491 0.367
492 0.451
493 0.454
494 0.453
495 0.453
496 0.452
497 0.427
498 0.453
499 0.453
500 0.450
501 0.454
502 0.452
503 0.450
504 0.458
505 0.455
506 0.363
507 0.323
508 0.343
509 0.341
510 0.330
511 0.331
512 0.325
513 0.324
514 0.322
515 0.322
516 0.369
517 0.450
518 0.451
519 0.475
520 0.463
521 0.457
522 0.461
523 0.457
524 0.458
525 0.459
526 0.459
527 0.458
528 0.461
529 0.392
530 0.384
531 0.346
532 0.368
533 0.378
534 0.451
535 0.461
536 0.463
537 0.457
538 0.459
539 0.458
540 0.458
541 0.459
542 0.454
543 0.463
544 0.459
545 0.456
546 0.458
547 0.456
548 0.399
549 0.354
550 0.393
551 0.348
552 0.372
553 0.455
554 0.458
555 0.460
556 0.461
557 0.459
558 0.459
559 0.399
560 0.462
561 0.458
562 0.458
563 0.461
564 0.459
565 0.460
566 0.460
567 0.402
568 0.390
569 0.341
570 0.386
571 0.378
572 0.455
573 0.457
574 0.461
575 0.457
576 0.400
577 0.459
578 0.458
579 0.458
580 0.350
581 0.463
582 0.460
583 0.458
584 0.463
585 0.458
586 0.458
587 0.459
588 0.397
589 0.339
590 0.389
591 0.364
592 0.452
593 0.463
594 0.461
595 0.459
596 0.460
597 0.461
598 0.458
599 0.461
600 0.462
601 0.460
602 0.459
603 0.457
604 0.459
605 0.458
606 0.458
607 0.386
608 0.342
609 0.389
610 0.371
611 0.453
612 0.457
613 0.460
614 0.461
615 0.459
616 0.462
617 0.458
618 0.458
619 0.303
620 0.305
621 0.328
622 0.324
623 0.326
624 0.324
625 0.326
626 0.297
627 0.297
628 0.368
629 0.327
630 0.347
631 0.346
632 0.331
633 0.327
634 0.325
635 0.325
636 0.324
637 0.325
638 0.325
639 0.325
640 0.326
641 0.370
642 0.451
643 0.454
644 0.458
645 0.458
646 0.454
647 0.462
648 0.463
649 0.410
650 0.367
651 0.374
652 0.351
653 0.374
654 0.341
655 0.370
656 0.366
657 0.369
658 0.361
659 0.372
660 0.453
661 0.446
662 0.452
663 0.453
664 0.457
665 0.452
666 0.454
667 0.452
668 0.451
669 0.456
670 0.452
671 0.457
672 0.400
673 0.347
674 0.363
675 0.374
676 0.361
677 0.449
678 0.454
679 0.452
680 0.455
681 0.452
682 0.453
683 0.457
684 0.453
685 0.386
686 0.458
687 0.449
688 0.447
689 0.452
690 0.450
691 0.453
692 0.359
693 0.338
694 0.347
695 0.363
696 0.365
697 0.447
698 0.451
699 0.458
700 0.453
701 0.453
702 0.451
703 0.451
704 0.453
705 0.452
706 0.453
707 0.452
708 0.451
709 0.453
710 0.452
711 0.387
712 0.366
713 0.333
714 0.379
715 0.357
716 0.445
717 0.453
718 0.452
719 0.452
720 0.391
721 0.454
722 0.452
723 0.456
724 0.381
725 0.456
726 0.451
727 0.456
728 0.462
729 0.364
730 0.361
731 0.363
732 0.360
733 0.393
734 0.390
735 0.381
736 0.448
737 0.453
738 0.448
739 0.361
740 0.396
741 0.450
742 0.451
743 0.453
744 0.456
745 0.454
746 0.457
747 0.457
748 0.452
749 0.455
750 0.455
751 0.453
752 0.357
753 0.387
754 0.369
755 0.358
756 0.361
757 0.365
758 0.362
759 0.363
760 0.363
761 0.364
762 0.363
763 0.364
764 0.362
765 0.377
766 0.448
767 0.451
768 0.452
769 0.456
770 0.451
771 0.453
772 0.452
773 0.399
774 0.358
775 0.378
776 0.362
777 0.363
778 0.362
779 0.363
780 0.361
781 0.361
782 0.361
783 0.296
784 0.361
785 0.449
786 0.452
787 0.452
788 0.451
789 0.453
790 0.453
791 0.454
792 0.460
793 0.360
794 0.362
795 0.362
796 0.335
797 0.358
798 0.372
799 0.362
800 0.360
801 0.362
802 0.370
803 0.448
804 0.453
805 0.453
806 0.468
807 0.362
808 0.365
809 0.362
810 0.365
811 0.360
812 0.365
813 0.362
814 0.361
815 0.361
816 0.362
817 0.375
818 0.380
819 0.386
820 0.374
821 0.361
822 0.449
823 0.454
824 0.460
825 0.452
826 0.451
827 0.452
828 0.451
829 0.458
830 0.396
831 0.454
832 0.451
833 0.452
834 0.455
835 0.455
836 0.451
837 0.377
838 0.407
839 0.389
840 0.375
841 0.360
842 0.365
843 0.361
844 0.360
845 0.362
846 0.363
847 0.361
848 0.387
849 0.374
850 0.383
851 0.366
852 0.451
853 0.453
854 0.451
855 0.452
856 0.457
857 0.440
858 0.378
859 0.344
860 0.373
861 0.378
862 0.444
863 0.451
864 0.453
865 0.452
866 0.433
867 0.455
868 0.455
869 0.451
870 0.349
871 0.452
872 0.457
873 0.451
874 0.452
875 0.361
876 0.359
877 0.361
878 0.361
879 0.399
880 0.378
881 0.359
882 0.361
883 0.361
884 0.361
885 0.446
886 0.453
887 0.455
888 0.456
889 0.453
890 0.455
891 0.452
892 0.451
893 0.382
894 0.456
895 0.450
896 0.452
897 0.457
898 0.455
899 0.374
900 0.339
901 0.379
902 0.358
903 0.324
904 0.326
905 0.324
906 0.324
907 0.324
908 0.322
909 0.322
910 0.321
911 0.322
912 0.324
913 0.366
914 0.361
915 0.655
916 0.359
917 0.448
918 0.461
919 0.456
920 0.367
921 0.329
922 0.339
923 0.377
924 0.375
925 0.362
926 0.360
927 0.362
928 0.361
929 0.361
930 0.364
931 0.361
932 0.463
933 0.456
934 0.453
935 0.451
936 0.455
937 0.455
938 0.452
939 0.453
940 0.392
941 0.363
942 0.374
943 0.345
944 0.376
945 0.358
946 0.362
947 0.363
948 0.361
949 0.361
950 0.355
951 0.449
952 0.456
953 0.452
954 0.454
955 0.453
956 0.453
957 0.454
958 0.478
959 0.329
960 0.322
961 0.321
962 0.323
963 0.320
964 0.316
965 0.316
966 0.327
967 0.323
968 0.328
969 0.321
970 0.325
971 0.327
972 0.324
973 0.326
974 0.322
975 0.321
976 0.322
977 0.323
978 0.321
979 0.322
980 0.322
981 0.323
982 0.322
983 0.324
984 0.324
985 0.322
986 0.323
987 0.322
988 0.320
989 0.325
990 0.332
991 0.311
992 0.350
993 0.338
994 0.321
995 0.323
996 0.322
997 0.323
998 0.323
999 0.323
1000 0.323
1001 0.322
1002 0.322
1003 0.316
1004 0.322
1005 0.322
1006 0.321
1007 0.325
1008 0.325
1009 0.323
1010 0.334
1011 0.325
1012 0.322
1013 0.322
1014 0.326
1015 0.317
1016 0.352
1017 0.316
1018 0.320
1019 0.330
1020 0.321
1021 0.323
1022 0.322
1023 0.322
1024 0.324
1025 0.322
1026 0.322
1027 0.323
1028 0.323
1029 0.324
1030 0.321
1031 0.324
1032 0.326
1033 0.322
1034 0.324
1035 0.322
1036 0.321
1037 0.325
1038 0.326
1039 0.323
1040 0.323
1041 0.335
1042 0.337
1043 0.317
1044 0.326
1045 0.325
1046 0.320
1047 0.321
1048 0.320
1049 0.323
1050 0.324
1051 0.321
1052 0.321
1053 0.324
1054 0.324
1055 0.322
1056 0.321
1057 0.325
1058 0.325
1059 0.323
1060 0.323
1061 0.324
1062 0.322
1063 0.322
1064 0.325
1065 0.323
1066 0.320
1067 0.333
1068 0.344
1069 0.319
1070 0.342
1071 0.317
1072 0.313
1073 0.323
1074 0.323
1075 0.322
1076 0.323
1077 0.337
1078 0.321
1079 0.323
1080 0.324
1081 0.321
1082 0.334
1083 0.321
1084 0.321
1085 0.324
1086 0.323
1087 0.322
1088 0.324
1089 0.323
1090 0.322
1091 0.323
1092 0.322
1093 0.338
1094 0.344
1095 0.338
1096 0.323
1097 0.324
1098 0.321
1099 0.322
1100 0.324
1101 0.325
1102 0.327
1103 0.322
1104 0.333
1105 0.323
1106 0.322
1107 0.321
1108 0.326
1109 0.323
1110 0.322
1111 0.322
1112 0.324
1113 0.323
1114 0.323
1115 0.334
1116 0.322
1117 0.323
1118 0.322
1119 0.326
1120 0.343
1121 0.321
1122 0.322
1123 0.333
1124 0.326
1125 0.323
1126 0.332
1127 0.324
1128 0.325
1129 0.323
1130 0.322
1131 0.322
1132 0.322
1133 0.324
1134 0.327
1135 0.321
1136 0.324
1137 0.321
1138 0.322
1139 0.324
1140 0.322
1141 0.323
1142 0.322
1143 0.323
1144 0.324
1145 0.324
1146 0.349
1147 0.338
1148 0.325
1149 0.328
1150 0.324
1151 0.323
1152 0.325
1153 0.321
1154 0.323
1155 0.321
1156 0.324
1157 0.323
1158 0.322
1159 0.325
1160 0.326
1161 0.324
1162 0.323
1163 0.323
1164 0.322
1165 0.323
1166 0.322
1167 0.322
1168 0.323
1169 0.322
1170 0.322
1171 0.323
1172 0.339
1173 0.322
1174 0.322
1175 0.324
1176 0.324
1177 0.321
1178 0.322
1179 0.323
1180 0.326
1181 0.323
1182 0.322
1183 0.324
1184 0.325
1185 0.321
1186 0.324
1187 0.325
1188 0.323
1189 0.322
1190 0.322
1191 0.322
1192 0.324
1193 0.331
1194 0.327
1195 0.323
1196 0.334
1197 0.321
1198 0.322
1199 0.332
1200 0.322
1201 0.323
1202 0.323
1203 0.323
1204 0.322
1205 0.322
1206 0.324
1207 0.323
1208 0.324
1209 0.323
1210 0.323
1211 0.323
1212 0.321
1213 0.322
1214 0.323
1215 0.323
1216 0.335
1217 0.324
1218 0.323
1219 0.323
1220 0.322
1221 0.323
1222 0.348
1223 0.318
1224 0.324
1225 0.321
1226 0.322
1227 0.324
1228 0.325
1229 0.326
1230 0.321
1231 0.321
1232 0.327
1233 0.322
1234 0.322
1235 0.322
1236 0.322
1237 0.323
1238 0.323
1239 0.323
1240 0.325
1241 0.322
1242 0.322
1243 0.323
1244 0.326
1245 0.326
1246 0.333
1247 0.316
1248 0.330
1249 0.338
1250 0.323
1251 0.323
1252 0.322
1253 0.322
1254 0.323
1255 0.323
1256 0.326
1257 0.322
1258 0.322
1259 0.327
1260 0.321
1261 0.323
1262 0.324
1263 0.323
1264 0.322
1265 0.322
1266 0.321
1267 0.321
1268 0.322
1269 0.322
1270 0.321
1271 0.327
1272 0.324
1273 0.311
1274 0.305
1275 0.296
1276 0.300
1277 0.320
1278 0.312
1279 0.314
1280 0.313
1281 0.335
1282 0.321
1283 0.322
1284 0.330
1285 0.332
1286 0.324
1287 0.324
1288 0.324
1289 0.323
1290 0.321
1291 0.322
1292 0.325
1293 0.324
1294 0.321
1295 0.320
1296 0.321
1297 0.327
1298 0.345
1299 0.339
1300 0.319
1301 0.323
1302 0.322
1303 0.322
1304 0.324
1305 0.324
1306 0.317
1307 0.324
1308 0.321
1309 0.323
1310 0.325
1311 0.321
1312 0.323
1313 0.322
1314 0.322
1315 0.321
1316 0.324
1317 0.322
1318 0.325
1319 0.328
1320 0.328
1321 0.324
1322 0.333
1323 0.314
1324 0.320
1325 0.332
1326 0.321
1327 0.322
1328 0.321
1329 0.325
1330 0.322
1331 0.323
1332 0.322
1333 0.322
1334 0.334
1335 0.324
1336 0.326
1337 0.323
1338 0.321
1339 0.321
1340 0.323
1341 0.321
1342 0.322
1343 0.323
1344 0.323
1345 0.323
1346 0.322
1347 0.321
1348 0.324
1349 0.351
1350 0.317
1351 0.307
1352 0.298
1353 0.296
1354 0.300
1355 0.321
1356 0.322
1357 0.330
1358 0.323
1359 0.323
1360 0.320
1361 0.326
1362 0.323
1363 0.322
1364 0.323
1365 0.323
1366 0.321
1367 0.324
1368 0.323
1369 0.322
1370 0.322
1371 0.320
1372 0.321
1373 0.322
1374 0.322
1375 0.320
1376 0.350
1377 0.347
1378 0.343
1379 0.323
1380 0.324
1381 0.323
1382 0.321
1383 0.322
1384 0.323
1385 0.323
1386 0.324
1387 0.324
1388 0.323
1389 0.323
1390 0.322
1391 0.323
1392 0.321
1393 0.323
1394 0.322
1395 0.321
1396 0.336
1397 0.325
1398 0.321
1399 0.322
1400 0.327
1401 0.319
1402 0.348
1403 0.318
1404 0.336
1405 0.328
1406 0.327
1407 0.349
1408 0.332
1409 0.336
1410 0.336
1411 0.334
1412 0.334
1413 0.331
1414 0.501
1415 0.298
1416 0.312
1417 0.322
1418 0.323
1419 0.325
1420 0.323
1421 0.323
1422 0.323
1423 0.323
1424 0.324
1425 0.317
1426 0.328
1427 0.321
1428 0.333
1429 0.320
1430 0.322
1431 0.323
1432 0.328
1433 0.324
1434 0.323
1435 0.324
1436 0.327
1437 0.324
1438 0.321
1439 0.323
1440 0.356
1441 0.342
1442 0.327
1443 0.321
1444 0.322
1445 0.320
1446 0.321
1447 0.316
1448 0.324
1449 0.322
1450 0.322
1451 0.322
1452 0.347
1453 0.321
1454 0.335
1455 0.324
1456 0.322
1457 0.322
1458 0.323
1459 0.324
1460 0.322
1461 0.322
1462 0.322
1463 0.323
1464 0.327
1465 0.321
1466 0.327
1467 0.321
1468 0.324
1469 0.325
1470 0.323
1471 0.347
1472 0.321
1473 0.322
1474 0.336
1475 0.323
1476 0.322
1477 0.316
1478 0.341
1479 0.351
1480 0.330
1481 0.323
1482 0.323
1483 0.322
1484 0.324
1485 0.335
1486 0.339
1487 0.322
1488 0.322
1489 0.325
1490 0.322
1491 0.324
1492 0.323
1493 0.323
1494 0.323
1495 0.323
1496 0.330
1497 0.326
1498 0.323
1499 0.321
1500 0.320
1501 0.325
1502 0.322
1503 0.337
1504 0.348
1505 0.321
1506 0.320
1507 0.345
1508 0.323
1509 0.322
1510 0.323
1511 0.322
1512 0.323
1513 0.322
1514 0.324
1515 0.321
1516 0.324
1517 0.323
1518 0.326
1519 0.325
1520 0.322
1521 0.322
1522 0.327
1523 0.325
1524 0.323
1525 0.323
1526 0.322
1527 0.322
1528 0.324
1529 0.324
1530 0.318
1531 0.349
1532 0.325
1533 0.318
1534 0.323
1535 0.325
1536 0.321
1537 0.326
1538 0.321
1539 0.324
1540 0.331
1541 0.306
1542 0.297
1543 0.299
1544 0.326
1545 0.321
1546 0.315
1547 0.314
1548 0.311
1549 0.312
1550 0.312
1551 0.324
1552 0.313
1553 0.371
1554 0.324
1555 0.323
1556 0.317
1557 0.345
1558 0.315
1559 0.332
1560 0.323
1561 0.322
1562 0.323
1563 0.324
1564 0.325
1565 0.322
1566 0.322
1567 0.322
1568 0.323
1569 0.323
1570 0.325
1571 0.322
1572 0.321
1573 0.323
1574 0.323
1575 0.322
1576 0.325
1577 0.324
1578 0.321
1579 0.322
1580 0.325
1581 0.350
1582 0.344
1583 0.323
1584 0.323
1585 0.323
1586 0.323
1587 0.322
1588 0.322
1589 0.321
1590 0.321
1591 0.325
1592 0.323
1593 0.320
1594 0.325
1595 0.323
1596 0.324
1597 0.312
1598 0.322
1599 0.323
1600 0.321
1601 0.321
1602 0.322
1603 0.322
1604 0.321
1605 0.323
1606 0.341
1607 0.320
1608 0.322
1609 0.325
1610 0.321
1611 0.322
1612 0.323
1613 0.324
1614 0.452
1615 0.326
1616 0.324
1617 0.323
1618 0.322
1619 0.348
1620 0.325
1621 0.322
1622 0.324
1623 0.321
1624 0.327
1625 0.332
1626 0.319
1627 0.323
1628 0.324
1629 0.324
1630 0.323
1631 0.333
1632 0.311
1633 0.338
1634 0.337
1635 0.324
1636 0.322
1637 0.322
1638 0.326
1639 0.322
1640 0.324
1641 0.323
1642 0.328
1643 0.321
1644 0.323
1645 0.323
1646 0.322
1647 0.322
1648 0.323
1649 0.322
1650 0.323
1651 0.323
1652 0.321
1653 0.321
1654 0.322
1655 0.322
1656 0.324
1657 0.327
1658 0.348
1659 0.321
1660 0.338
1661 0.325
1662 0.324
1663 0.321
1664 0.309
1665 0.322
1666 0.323
1667 0.321
1668 0.322
1669 0.323
1670 0.323
1671 0.327
1672 0.325
1673 0.323
1674 0.324
1675 0.318
1676 0.323
1677 0.323
1678 0.322
1679 0.322
1680 0.323
1681 0.323
1682 0.325
1683 0.338
1684 0.316
1685 0.337
1686 0.323
1687 0.324
1688 0.325
1689 0.326
1690 0.321
1691 0.323
1692 0.324
1693 0.320
1694 0.322
1695 0.323
1696 0.323
1697 0.325
1698 0.325
1699 0.322
1700 0.324
1701 0.322
1702 0.323
1703 0.323
1704 0.326
1705 0.323
1706 0.322
1707 0.324
1708 0.317
1709 0.327
1710 0.320
1711 0.324
1712 0.322
1713 0.327
1714 0.323
1715 0.322
1716 0.323
1717 0.322
1718 0.321
1719 0.325
1720 0.329
1721 0.322
1722 0.322
1723 0.322
1724 0.323
1725 0.324
1726 0.323
1727 0.321
1728 0.323
1729 0.321
1730 0.324
1731 0.337
1732 0.325
1733 0.324
1734 0.331
1735 0.317
1736 0.328
1737 0.324
1738 0.325
1739 0.325
1740 0.322
1741 0.326
1742 0.322
1743 0.322
1744 0.321
1745 0.321
1746 0.323
1747 0.325
1748 0.323
1749 0.324
1750 0.326
1751 0.324
1752 0.327
1753 0.321
1754 0.323
1755 0.323
1756 0.321
1757 0.323
1758 0.336
1759 0.346
1760 0.318
1761 0.340
1762 0.328
1763 0.321
1764 0.324
1765 0.326
1766 0.324
1767 0.323
1768 0.323
1769 0.323
1770 0.324
1771 0.323
1772 0.322
1773 0.323
1774 0.322
1775 0.323
1776 0.321
1777 0.322
1778 0.324
1779 0.324
1780 0.323
1781 0.323
1782 0.324
1783 0.331
1784 0.317
1785 0.340
1786 0.321
1787 0.322
1788 0.323
1789 0.323
1790 0.325
1791 0.324
1792 0.322
1793 0.322
1794 0.327
1795 0.321
1796 0.321
1797 0.322
1798 0.323
1799 0.325
1800 0.324
1801 0.324
1802 0.322
1803 0.321
1804 0.322
1805 0.323
1806 0.325
1807 0.321
1808 0.322
1809 0.319
1810 0.312
1811 0.334
1812 0.328
1813 0.322
1814 0.322
1815 0.324
1816 0.324
1817 0.323
1818 0.322
1819 0.322
1820 0.321
1821 0.323
1822 0.325
1823 0.323
1824 0.324
1825 0.325
1826 0.325
1827 0.323
1828 0.322
1829 0.323
1830 0.325
1831 0.322
1832 0.324
1833 0.323
1834 0.335
1835 0.315
1836 0.340
1837 0.324
1838 0.322
1839 0.323
1840 0.323
1841 0.325
1842 0.324
1843 0.323
1844 0.326
1845 0.324
1846 0.334
1847 0.322
1848 0.324
1849 0.322
1850 0.321
1851 0.322
1852 0.321
1853 0.325
1854 0.323
1855 0.325
1856 0.326
1857 0.323
1858 0.324
1859 0.321
1860 0.349
1861 0.337
1862 0.321
1863 0.322
1864 0.323
1865 0.320
1866 0.332
1867 0.323
1868 0.321
1869 0.325
1870 0.322
1871 0.323
1872 0.322
1873 0.322
1874 0.321
1875 0.322
1876 0.321
1877 0.324
1878 0.325
1879 0.325
1880 0.323
1881 0.321
1882 0.323
1883 0.322
1884 0.325
1885 0.342
1886 0.344
1887 0.314
1888 0.320
1889 0.334
1890 0.325
1891 0.322
1892 0.321
1893 0.322
1894 0.322
1895 0.322
1896 0.324
1897 0.320
1898 0.321
1899 0.323
1900 0.327
1901 0.326
1902 0.325
1903 0.323
1904 0.323
1905 0.321
1906 0.324
1907 0.321
1908 0.323
1909 0.321
1910 0.325
1911 0.327
1912 0.319
1913 0.336
1914 0.323
1915 0.325
1916 0.321
1917 0.323
1918 0.321
1919 0.321
1920 0.323
1921 0.325
1922 0.325
1923 0.327
1924 0.321
1925 0.327
1926 0.328
1927 0.322
1928 0.324
1929 0.323
1930 0.325
1931 0.322
1932 0.324
1933 0.323
1934 0.325
1935 0.324
1936 0.316
1937 0.321
1938 0.318
1939 0.332
1940 0.323
1941 0.326
1942 0.324
1943 0.320
1944 0.326
1945 0.324
1946 0.323
1947 0.324
1948 0.322
1949 0.322
1950 0.322
1951 0.323
1952 0.321
1953 0.323
1954 0.321
1955 0.321
1956 0.333
1957 0.320
1958 0.323
1959 0.323
1960 0.326
1961 0.316
1962 0.350
1963 0.318
1964 0.334
1965 0.324
1966 0.323
1967 0.334
1968 0.323
1969 0.324
1970 0.322
1971 0.322
1972 0.324
1973 0.327
1974 0.322
1975 0.322
1976 0.325
1977 0.323
1978 0.323
1979 0.325
1980 0.323
1981 0.325
1982 0.321
1983 0.329
1984 0.322
1985 0.322
1986 0.318
1987 0.346
1988 0.318
1989 0.323
1990 0.323
1991 0.322
1992 0.324
1993 0.321
1994 0.324
1995 0.323
1996 0.322
1997 0.323
1998 0.322
1999 0.324
2000 0.322
2001 0.324
2002 0.322
2003 0.321
2004 0.323
2005 0.326
2006 0.321
2007 0.323
2008 0.323
2009 0.323
2010 0.322
2011 0.334
2012 0.320
2013 0.331
2014 0.338
2015 0.322
2016 0.328
2017 0.328
2018 0.322
2019 0.326
2020 0.321
2021 0.322
2022 0.324
2023 0.321
2024 0.327
2025 0.323
2026 0.321
2027 0.324
2028 0.323
2029 0.327
2030 0.321
2031 0.323
2032 0.323
2033 0.322
2034 0.335
2035 0.321
2036 0.321
2037 0.341
2038 0.337
2039 0.314
2040 0.330
2041 0.328
2042 0.321
2043 0.323
2044 0.324
2045 0.322
2046 0.322
2047 0.322
2048 0.323
2049 0.325
2050 0.322
2051 0.323
2052 0.323
2053 0.323
2054 0.326
2055 0.323
2056 0.323
2057 0.322
2058 0.324
2059 0.324
2060 0.323
2061 0.324
2062 0.329
2063 0.340
2064 0.317
2065 0.338
2066 0.323
2067 0.322
2068 0.310
2069 0.322
2070 0.322
2071 0.323
2072 0.323
2073 0.322
2074 0.324
2075 0.323
2076 0.323
2077 0.326
2078 0.321
2079 0.341
2080 0.324
2081 0.327
2082 0.322
2083 0.321
2084 0.321
2085 0.322
2086 0.323
2087 0.326
2088 0.326
2089 0.345
2090 0.319
2091 0.323
2092 0.326
2093 0.322
2094 0.323
2095 0.321
2096 0.321
2097 0.322
2098 0.314
2099 0.312
2100 0.322
2101 0.321
2102 0.322
2103 0.324
2104 0.322
2105 0.320
2106 0.325
2107 0.317
2108 0.299
2109 0.324
2110 0.310
2111 0.339
2112 0.332
2113 0.345
2114 0.300
2115 0.308
2116 0.302
2117 0.305
2118 0.325
2119 0.322
2120 0.325
2121 0.326
2122 0.321
2123 0.321
2124 0.324
2125 0.327
2126 0.325
2127 0.323
2128 0.321
2129 0.322
2130 0.311
2131 0.316
2132 0.327
2133 0.331
2134 0.322
2135 0.321
2136 0.324
2137 0.323
2138 0.324
2139 0.324
2140 0.335
2141 0.347
2142 0.318
2143 0.323
2144 0.325
2145 0.322
2146 0.322
2147 0.322
2148 0.332
2149 0.322
2150 0.322
2151 0.324
2152 0.326
2153 0.338
2154 0.328
2155 0.343
2156 0.321
2157 0.323
2158 0.365
2159 0.328
2160 0.323
2161 0.324
2162 0.324
2163 0.323
2164 0.325
2165 0.325
2166 0.350
2167 0.316
2168 0.342
2169 0.314
2170 0.323
2171 0.323
2172 0.326
2173 0.322
2174 0.321
2175 0.340
2176 0.318
2177 0.295
2178 0.295
2179 0.321
2180 0.323
2181 0.302
2182 0.313
2183 0.294
2184 0.303
2185 0.317
2186 0.321
2187 0.323
2188 0.324
2189 0.322
2190 0.322
2191 0.332
2192 0.354
2193 0.313
2194 0.334
2195 0.322
2196 0.322
2197 0.308
2198 0.338
2199 0.324
2200 0.327
2201 0.338
2202 0.313
2203 0.327
2204 0.321
2205 0.324
2206 0.325
2207 0.325
2208 0.323
2209 0.320
2210 0.322
2211 0.312
2212 0.312
2213 0.321
2214 0.313
2215 0.328
2216 0.346
2217 0.353
2218 0.318
2219 0.321
2220 0.338
2221 0.325
2222 0.340
2223 0.322
2224 0.321
2225 0.333
2226 0.325
2227 0.323
2228 0.322
2229 0.326
2230 0.325
2231 0.322
2232 0.325
2233 0.325
2234 0.322
2235 0.322
2236 0.319
2237 0.323
2238 0.322
2239 0.323
2240 0.322
2241 0.333
2242 0.324
2243 0.322
2244 0.322
2245 0.324
2246 0.323
2247 0.323
2248 0.311
2249 0.323
2250 0.323
2251 0.322
2252 0.324
2253 0.324
2254 0.320
2255 0.311
2256 0.311
2257 0.314
2258 0.321
2259 0.315
2260 0.323
2261 0.322
2262 0.322
2263 0.321
2264 0.324
2265 0.326
2266 0.321
2267 0.304
2268 0.346
2269 0.320
2270 0.307
2271 0.326
2272 0.335
2273 0.324
2274 0.324
2275 0.322
2276 0.323
2277 0.323
2278 0.322
2279 0.322
2280 0.324
2281 0.322
2282 0.332
2283 0.326
2284 0.325
2285 0.324
2286 0.326
2287 0.311
2288 0.322
2289 0.323
2290 0.321
2291 0.324
2292 0.346
2293 0.328
2294 0.321
2295 0.311
2296 0.324
2297 0.322
2298 0.323
2299 0.320
2300 0.322
2301 0.315
2302 0.313
2303 0.321
2304 0.315
2305 0.324
2306 0.324
2307 0.324
2308 0.322
2309 0.322
2310 0.323
2311 0.312
2312 0.312
2313 0.311
2314 0.323
2315 0.321
2316 0.337
2317 0.325
2318 0.341
2319 0.345
2320 0.325
2321 0.340
2322 0.322
2323 0.322
2324 0.322
2325 0.322
2326 0.321
2327 0.337
2328 0.327
2329 0.323
2330 0.322
2331 0.323
2332 0.323
2333 0.322
2334 0.324
2335 0.322
2336 0.323
2337 0.325
2338 0.325
2339 0.324
2340 0.325
2341 0.322
2342 0.320
2343 0.338
2344 0.318
2345 0.342
2346 0.337
2347 0.322
2348 0.335
2349 0.325
2350 0.323
2351 0.322
2352 0.323
2353 0.322
2354 0.324
2355 0.323
2356 0.321
2357 0.321
2358 0.321
2359 0.321
2360 0.324
2361 0.328
2362 0.322
2363 0.324
2364 0.323
2365 0.322
2366 0.322
2367 0.323
2368 0.295
2369 0.306
2370 0.322
2371 0.336
2372 0.327
2373 0.323
2374 0.322
2375 0.322
2376 0.332
2377 0.299
2378 0.321
2379 0.323
2380 0.321
2381 0.322
2382 0.322
2383 0.325
2384 0.324
2385 0.329
2386 0.323
2387 0.322
2388 0.320
2389 0.323
2390 0.325
2391 0.322
2392 0.324
2393 0.323
2394 0.322
2395 0.309
2396 0.321
2397 0.324
2398 0.325
2399 0.321
2400 0.321
2401 0.308
2402 0.327
2403 0.322
2404 0.323
2405 0.296
2406 0.327
2407 0.324
2408 0.324
2409 0.322
2410 0.295
2411 0.325
2412 0.320
2413 0.315
2414 0.310
2415 0.314
2416 0.335
2417 0.313
2418 0.324
2419 0.323
2420 0.316
2421 0.338
2422 0.313
2423 0.334
2424 0.316
2425 0.311
2426 0.313
2427 0.323
2428 0.325
2429 0.330
2430 0.323
2431 0.324
2432 0.322
2433 0.321
2434 0.323
2435 0.321
2436 0.325
2437 0.321
2438 0.321
2439 0.322
2440 0.322
2441 0.324
2442 0.324
2443 0.323
2444 0.322
2445 0.322
2446 0.327
2447 0.348
2448 0.300
2449 0.323
2450 0.323
2451 0.329
2452 0.324
2453 0.321
2454 0.322
2455 0.321
2456 0.326
2457 0.321
2458 0.313
2459 0.316
2460 0.313
2461 0.323
2462 0.313
2463 0.324
2464 0.327
2465 0.322
2466 0.320
2467 0.326
2468 0.298
2469 0.315
2470 0.314
2471 0.313
2472 0.326
2473 0.318
2474 0.340
2475 0.320
2476 0.323
2477 0.325
2478 0.321
2479 0.322
2480 0.312
2481 0.314
2482 0.314
2483 0.313
2484 0.323
2485 0.318
2486 0.325
2487 0.321
2488 0.323
2489 0.323
2490 0.323
2491 0.326
2492 0.327
2493 0.325
2494 0.322
2495 0.322
2496 0.322
2497 0.323
2498 0.322
2499 0.333
2500 0.317
2501 0.326
2502 0.339
2503 0.327
2504 0.326
2505 0.322
2506 0.327
2507 0.323
2508 0.323
2509 0.326
2510 0.324
2511 0.323
2512 0.321
2513 0.321
2514 0.323
2515 0.323
2516 0.322
2517 0.322
2518 0.321
2519 0.325
2520 0.327
2521 0.323
2522 0.326
2523 0.321
2524 0.321
2525 0.335
2526 0.345
2527 0.324
2528 0.339
2529 0.322
2530 0.333
2531 0.322
2532 0.323
2533 0.325
2534 0.321
2535 0.325
2536 0.325
2537 0.323
2538 0.321
2539 0.323
2540 0.321
2541 0.333
2542 0.326
2543 0.323
2544 0.322
2545 0.324
2546 0.321
2547 0.321
2548 0.323
2549 0.323
2550 0.334
2551 0.313
2552 0.342
2553 0.305
2554 0.314
2555 0.321
2556 0.320
2557 0.323
2558 0.325
2559 0.320
2560 0.304
2561 0.327
2562 0.321
2563 0.321
2564 0.346
2565 0.322
2566 0.321
2567 0.326
2568 0.328
2569 0.324
2570 0.326
2571 0.325
2572 0.324
2573 0.323
2574 0.324
2575 0.337
2576 0.351
2577 0.337
2578 0.321
2579 0.322
2580 0.323
2581 0.322
2582 0.323
2583 0.323
2584 0.326
2585 0.323
2586 0.324
2587 0.324
2588 0.322
2589 0.326
2590 0.323
2591 0.323
2592 0.322
2593 0.324
2594 0.324
2595 0.320
2596 0.322
2597 0.334
2598 0.322
2599 0.322
2600 0.337
2601 0.318
2602 0.333
2603 0.323
2604 0.323
2605 0.324
2606 0.322
2607 0.322
2608 0.326
2609 0.324
2610 0.326
2611 0.321
2612 0.323
2613 0.321
2614 0.325
2615 0.321
2616 0.324
2617 0.323
2618 0.321
2619 0.323
2620 0.324
2621 0.323
2622 0.323
2623 0.323
2624 0.323
2625 0.322
2626 0.334
2627 0.340
2628 0.334
2629 0.338
2630 0.323
2631 0.323
2632 0.325
2633 0.321
2634 0.322
2635 0.322
2636 0.328
2637 0.324
2638 0.323
2639 0.326
2640 0.322
2641 0.322
2642 0.322
2643 0.324
2644 0.324
2645 0.323
2646 0.321
2647 0.318
2648 0.329
2649 0.326
2650 0.322
2651 0.322
2652 0.348
2653 0.310
2654 0.338
2655 0.321
2656 0.321
2657 0.323
2658 0.322
2659 0.324
2660 0.323
2661 0.323
2662 0.327
2663 0.322
2664 0.325
2665 0.323
2666 0.322
2667 0.322
2668 0.322
2669 0.322
2670 0.323
2671 0.325
2672 0.322
2673 0.322
2674 0.323
2675 0.323
2676 0.322
2677 0.321
2678 0.328
2679 0.345
2680 0.343
2681 0.323
2682 0.323
2683 0.325
2684 0.323
2685 0.324
2686 0.322
2687 0.323
2688 0.325
2689 0.323
2690 0.322
2691 0.325
2692 0.325
2693 0.323
2694 0.323
2695 0.322
2696 0.325
2697 0.322
2698 0.336
2699 0.323
2700 0.322
2701 0.325
2702 0.323
2703 0.338
2704 0.319
2705 0.339
2706 0.321
2707 0.322
2708 0.322
2709 0.347
2710 0.323
2711 0.324
2712 0.325
2713 0.322
2714 0.324
2715 0.327
2716 0.322
2717 0.322
2718 0.321
2719 0.322
2720 0.321
2721 0.322
2722 0.324
2723 0.322
2724 0.322
2725 0.323
2726 0.322
2727 0.335
2728 0.350
2729 0.319
2730 0.341
2731 0.324
2732 0.321
2733 0.324
2734 0.323
2735 0.321
2736 0.321
2737 0.334
2738 0.322
2739 0.325
2740 0.326
2741 0.322
2742 0.322
2743 0.324
2744 0.324
2745 0.323
2746 0.328
2747 0.323
2748 0.322
2749 0.323
2750 0.321
2751 0.321
2752 0.322
2753 0.346
2754 0.335
2755 0.327
2756 0.322
2757 0.324
2758 0.323
2759 0.324
2760 0.325
2761 0.315
2762 0.311
2763 0.311
2764 0.322
2765 0.319
2766 0.322
2767 0.323
2768 0.324
2769 0.324
2770 0.322
2771 0.321
2772 0.313
2773 0.315
2774 0.311
2775 0.322
2776 0.326
2777 0.297
2778 0.294
2779 0.312
2780 0.298
2781 0.304
2782 0.320
2783 0.322
2784 0.324
2785 0.323
2786 0.323
2787 0.322
2788 0.366
2789 0.448
2790 0.455
2791 0.442
2792 0.463
2793 0.361
2794 0.360
2795 0.360
2796 0.360
2797 0.372
2798 0.363
2799 0.361
2800 0.361
2801 0.359
2802 0.390
2803 0.366
2804 0.355
2805 0.363
2806 0.363
2807 0.361
2808 0.449
2809 0.452
2810 0.452
2811 0.362
2812 0.366
2813 0.363
2814 0.363
2815 0.362
2816 0.362
2817 0.348
2818 0.301
2819 0.320
2820 0.361
2821 0.360
2822 0.365
2823 0.378
2824 0.349
2825 0.323
2826 0.314
2827 0.335
2828 0.301
2829 0.313
2830 0.312
2831 0.313
2832 0.312
2833 0.314
2834 0.313
2835 0.363
2836 0.323
2837 0.302
2838 0.324
2839 0.375
2840 0.452
2841 0.361
2842 0.361
2843 0.360
2844 0.364
2845 0.363
2846 0.362
2847 0.362
2848 0.335
2849 0.322
2850 0.375
2851 0.359
2852 0.360
2853 0.362
2854 0.360
2855 0.363
2856 0.366
2857 0.363
2858 0.362
2859 0.380
2860 0.447
2861 0.458
2862 0.362
2863 0.360
2864 0.360
2865 0.361
2866 0.365
2867 0.298
2868 0.324
2869 0.349
2870 0.362
2871 0.365
2872 0.340
2873 0.358
2874 0.338
2875 0.325
2876 0.321
2877 0.323
2878 0.314
2879 0.312
2880 0.432
2881 0.450
2882 0.453
2883 0.299
2884 0.362
2885 0.363
2886 0.361
2887 0.361
2888 0.365
2889 0.365
2890 0.363
2891 0.364
2892 0.360
2893 0.381
2894 0.361
2895 0.378
2896 0.337
2897 0.374
2898 0.373
2899 0.362
2900 0.460
2901 0.454
2902 0.453
2903 0.453
2904 0.457
2905 0.454
2906 0.451
2907 0.452
2908 0.399
2909 0.500
2910 0.361
2911 0.327
2912 0.321
2913 0.323
2914 0.321
2915 0.334
2916 0.392
2917 0.375
2918 0.330
2919 0.363
2920 0.364
2921 0.363
2922 0.364
2923 0.321
2924 0.322
2925 0.322
2926 0.321
2927 0.322
2928 0.322
2929 0.362
2930 0.366
2931 0.361
2932 0.362
2933 0.322
2934 0.322
2935 0.325
2936 0.315
2937 0.311
2938 0.360
2939 0.324
2940 0.379
2941 0.385
2942 0.384
2943 0.338
2944 0.321
2945 0.321
2946 0.314
2947 0.313
2948 0.316
2949 0.322
2950 0.312
2951 0.448
2952 0.455
2953 0.450
2954 0.453
2955 0.452
2956 0.451
2957 0.455
2958 0.451
2959 0.384
2960 0.361
2961 0.362
2962 0.364
2963 0.337
2964 0.357
2965 0.342
2966 0.373
2967 0.362
2968 0.365
2969 0.363
2970 0.449
2971 0.452
2972 0.451
2973 0.454
2974 0.453
2975 0.455
2976 0.453
2977 0.454
2978 0.454
2979 0.455
2980 0.452
2981 0.493
2982 0.378
2983 0.347
2984 0.372
2985 0.359
2986 0.362
2987 0.472
2988 0.452
2989 0.454
2990 0.453
2991 0.455
2992 0.452
2993 0.451
2994 0.382
2995 0.326
2996 0.361
2997 0.364
2998 0.363
2999 0.362
3000 0.378
3001 0.333
3002 0.338
3003 0.335
3004 0.323
3005 0.310
3006 0.392
3007 0.357
3008 0.384
3009 0.382
3010 0.342
3011 0.339
3012 0.338
3013 0.314
3014 0.379
3015 0.343
3016 0.367
3017 0.381
3018 0.385
3019 0.343
3020 0.339
3021 0.302
3022 0.322
3023 0.317
3024 0.307
3025 0.303
3026 0.304
3027 0.305
3028 0.312
3029 0.300
3030 0.306
3031 0.310
3032 0.334
3033 0.322
3034 0.322
3035 0.323
3036 0.323
3037 0.323
3038 0.318
3039 0.448
3040 0.452
3041 0.457
3042 0.482
3043 0.358
3044 0.332
3045 0.376
3046 0.363
3047 0.387
3048 0.367
3049 0.361
3050 0.359
3051 0.361
3052 0.326
3053 0.316
3054 0.319
3055 0.340
3056 0.322
3057 0.332
3058 0.317
3059 0.325
3060 0.362
3061 0.363
3062 0.355
3063 0.514
3064 0.335
3065 0.376
3066 0.535
3067 0.372
3068 0.334
3069 0.375
3070 0.358
3071 0.362
3072 0.358
3073 0.323
3074 0.324
3075 0.321
3076 0.322
3077 0.334
3078 0.342
3079 0.385
3080 0.376
3081 0.363
3082 0.361
3083 0.457
3084 0.326
3085 0.344
3086 0.306
3087 0.322
3088 0.296
3089 0.388
3090 0.361
3091 0.362
3092 0.322
3093 0.322
3094 0.322
3095 0.312
3096 0.312
3097 0.313
3098 0.322
3099 0.313
3100 0.364
3101 0.359
3102 0.324
3103 0.322
3104 0.339
3105 0.305
3106 0.325
3107 0.323
3108 0.298
3109 0.342
3110 0.312
3111 0.356
3112 0.377
3113 0.339
3114 0.342
3115 0.338
3116 0.337
3117 0.314
3118 0.313
3119 0.311
3120 0.383
3121 0.313
3122 0.362
3123 0.361
3124 0.324
3125 0.321
3126 0.334
3127 0.322
3128 0.325
3129 0.321
3130 0.306
3131 0.362
3132 0.316
3133 0.372
3134 0.390
3135 0.463
3136 0.449
3137 0.457
3138 0.455
3139 0.456
3140 0.452
3141 0.459
3142 0.360
3143 0.361
3144 0.366
3145 0.360
3146 0.318
3147 0.337
3148 0.349
3149 0.340
3150 0.312
3151 0.298
3152 0.372
3153 0.361
3154 0.361
3155 0.361
3156 0.323
3157 0.321
3158 0.322
3159 0.313
3160 0.315
3161 0.322
3162 0.312
3163 0.362
3164 0.363
3165 0.361
3166 0.323
3167 0.322
3168 0.307
3169 0.323
3170 0.325
3171 0.302
3172 0.322
3173 0.296
3174 0.357
3175 0.355
3176 0.374
3177 0.385
3178 0.380
3179 0.379
3180 0.335
3181 0.343
3182 0.340
3183 0.338
3184 0.356
3185 0.375
3186 0.386
3187 0.386
3188 0.343
3189 0.309
3190 0.322
3191 0.320
3192 0.298
3193 0.342
3194 0.325
3195 0.368
3196 0.363
3197 0.378
3198 0.373
3199 0.356
3200 0.362
3201 0.325
3202 0.322
3203 0.323
3204 0.324
3205 0.356
3206 0.298
3207 0.363
3208 0.327
3209 0.340
3210 0.306
3211 0.308
3212 0.318
3213 0.311
3214 0.294
3215 0.320
3216 0.295
3217 0.361
3218 0.361
3219 0.363
3220 0.360
3221 0.359
3222 0.346
3223 0.313
3224 0.334
3225 0.340
3226 0.332
3227 0.306
3228 0.374
3229 0.374
3230 0.383
3231 0.342
3232 0.332
3233 0.323
3234 0.322
3235 0.307
3236 0.380
3237 0.341
3238 0.364
3239 0.361
3240 0.362
3241 0.360
3242 0.362
3243 0.323
3244 0.322
3245 0.337
3246 0.311
3247 0.325
3248 0.307
3249 0.361
3250 0.363
3251 0.361
3252 0.360
3253 0.324
3254 0.343
3255 0.320
3256 0.314
3257 0.314
3258 0.321
3259 0.298
3260 0.363
3261 0.362
3262 0.361
3263 0.322
3264 0.322
3265 0.323
3266 0.323
3267 0.321
3268 0.323
3269 0.322
3270 0.385
3271 0.373
3272 0.357
3273 0.372
3274 0.384
3275 0.379
3276 0.385
3277 0.384
3278 0.383
3279 0.388
3280 0.357
3281 0.386
3282 0.380
3283 0.384
3284 0.356
3285 0.355
3286 0.381
3287 0.389
3288 0.386
3289 0.383
3290 0.380
3291 0.361
3292 0.372
3293 0.357
3294 0.345
3295 0.312
3296 0.321
3297 0.315
3298 0.328
3299 0.324
3300 0.335
3301 0.447
3302 0.451
3303 0.452
3304 0.456
3305 0.452
3306 0.451
3307 0.451
3308 0.454
3309 0.401
3310 0.360
3311 0.362
3312 0.364
3313 0.385
3314 0.339
3315 0.356
3316 0.341
3317 0.319
3318 0.344
3319 0.339
3320 0.359
3321 0.382
3322 0.383
3323 0.391
3324 0.385
3325 0.385
3326 0.384
3327 0.385
3328 0.384
3329 0.362
3330 0.453
3331 0.364
3332 0.362
3333 0.361
3334 0.356
3335 0.334
3336 0.326
3337 0.330
3338 0.309
3339 0.317
3340 0.453
3341 0.453
3342 0.452
3343 0.453
3344 0.453
3345 0.453
3346 0.451
3347 0.453
3348 0.447
3349 0.454
3350 0.453
3351 0.457
3352 0.328
3353 0.338
3354 0.334
3355 0.330
3356 0.297
3357 0.366
3358 0.340
3359 0.377
3360 0.357
3361 0.447
3362 0.453
3363 0.450
3364 0.366
3365 0.362
3366 0.362
3367 0.447
3368 0.457
3369 0.454
3370 0.451
3371 0.352
3372 0.387
3373 0.348
3374 0.362
3375 0.355
3376 0.355
3377 0.449
3378 0.451
3379 0.453
3380 0.452
3381 0.365
3382 0.362
3383 0.366
3384 0.369
3385 0.425
3386 0.363
3387 0.362
3388 0.360
3389 0.364
3390 0.353
3391 0.348
3392 0.325
3393 0.341
3394 0.345
3395 0.315
3396 0.359
3397 0.356
3398 0.362
3399 0.364
3400 0.326
3401 0.320
3402 0.322
3403 0.314
3404 0.311
3405 0.324
3406 0.311
3407 0.360
3408 0.360
3409 0.361
3410 0.322
3411 0.322
3412 0.310
3413 0.294
3414 0.296
3415 0.296
3416 0.302
3417 0.321
3418 0.325
3419 0.314
3420 0.324
3421 0.323
3422 0.321
3423 0.361
3424 0.361
3425 0.360
3426 0.362
3427 0.363
3428 0.362
3429 0.394
3430 0.454
3431 0.390
3432 0.457
3433 0.349
3434 0.377
3435 0.367
3436 0.374
3437 0.364
3438 0.326
3439 0.361
3440 0.363
3441 0.362
3442 0.375
3443 0.340
3444 0.356
3445 0.325
3446 0.345
3447 0.333
3448 0.341
3449 0.355
3450 0.379
3451 0.386
3452 0.383
3453 0.373
3454 0.339
3455 0.326
3456 0.297
3457 0.389
3458 0.333
3459 0.383
3460 0.360
3461 0.361
3462 0.325
3463 0.322
3464 0.323
3465 0.295
3466 0.306
3467 0.304
3468 0.334
3469 0.324
3470 0.374
3471 0.453
3472 0.453
3473 0.450
3474 0.337
3475 0.380
3476 0.366
3477 0.379
3478 0.366
3479 0.373
3480 0.450
3481 0.453
3482 0.452
3483 0.452
3484 0.452
3485 0.454
3486 0.453
3487 0.381
3488 0.391
3489 0.394
3490 0.356
3491 0.385
3492 0.425
3493 0.364
3494 0.372
3495 0.359
3496 0.345
3497 0.340
3498 0.357
3499 0.381
3500 0.383
3501 0.382
3502 0.385
3503 0.384
3504 0.381
3505 0.381
3506 0.382
3507 0.389
3508 0.362
3509 0.385
3510 0.380
3511 0.375
3512 0.374
3513 0.331
3514 0.324
3515 0.336
3516 0.322
3517 0.323
3518 0.375
3519 0.361
3520 0.362
3521 0.362
3522 0.362
3523 0.326
3524 0.323
3525 0.324
3526 0.322
3527 0.321
3528 0.368
3529 0.363
3530 0.324
3531 0.321
3532 0.324
3533 0.324
3534 0.330
3535 0.308
3536 0.309
3537 0.297
3538 0.365
3539 0.303
3540 0.347
3541 0.341
3542 0.339
3543 0.340
3544 0.341
3545 0.338
3546 0.313
3547 0.312
3548 0.312
3549 0.324
3550 0.320
3551 0.326
3552 0.324
3553 0.322
3554 0.323
3555 0.323
3556 0.305
3557 0.321
3558 0.317
3559 0.325
3560 0.348
3561 0.330
3562 0.318
3563 0.303
3564 0.315
3565 0.315
3566 0.317
3567 0.315
3568 0.315
3569 0.315
3570 0.316
3571 0.316
3572 0.317
3573 0.305
3574 0.318
3575 0.315
3576 0.317
3577 0.316
3578 0.316
3579 0.310
3580 0.298
3581 0.297
3582 0.297
3583 0.315
3584 0.314
3585 0.363
3586 0.368
3587 0.372
3588 0.382
3589 0.355
3590 0.370
3591 0.379
3592 0.382
3593 0.379
3594 0.380
3595 0.356
3596 0.382
3597 0.387
3598 0.384
3599 0.385
3600 0.344
3601 0.297
3602 0.298
3603 0.298
3604 0.346
3605 0.340
3606 0.360
3607 0.365
3608 0.363
3609 0.362
3610 0.373
3611 0.363
3612 0.357
3613 0.308
3614 0.316
3615 0.296
3616 0.305
3617 0.317
3618 0.315
3619 0.322
3620 0.317
3621 0.316
3622 0.310
3623 0.301
3624 0.301
3625 0.315
3626 0.313
3627 0.296
3628 0.365
3629 0.362
3630 0.360
3631 0.362
3632 0.322
3633 0.323
3634 0.323
3635 0.294
3636 0.305
3637 0.350
3638 0.301
3639 0.411
3640 0.388
3641 0.382
3642 0.298
3643 0.305
3644 0.310
3645 0.297
3646 0.297
3647 0.311
3648 0.341
3649 0.297
3650 0.362
3651 0.361
3652 0.323
3653 0.322
3654 0.321
3655 0.324
3656 0.314
3657 0.314
3658 0.313
3659 0.360
3660 0.314
3661 0.362
3662 0.383
3663 0.331
3664 0.302
3665 0.315
3666 0.314
3667 0.316
3668 0.314
3669 0.315
3670 0.315
3671 0.313
3672 0.305
3673 0.316
3674 0.315
3675 0.316
3676 0.321
3677 0.316
3678 0.315
3679 0.318
3680 0.316
3681 0.315
3682 0.315
3683 0.321
3684 0.361
3685 0.360
3686 0.365
3687 0.373
3688 0.367
3689 0.329
3690 0.322
3691 0.299
3692 0.321
3693 0.326
3694 0.355
3695 0.445
3696 0.453
3697 0.454
3698 0.452
3699 0.453
3700 0.452
3701 0.451
3702 0.452
3703 0.452
3704 0.458
3705 0.453
3706 0.461
3707 0.381
3708 0.375
3709 0.355
3710 0.356
3711 0.333
3712 0.311
3713 0.320
3714 0.316
3715 0.315
3716 0.316
3717 0.314
3718 0.315
3719 0.315
3720 0.313
3721 0.314
3722 0.314
3723 0.319
3724 0.312
3725 0.299
3726 0.321
3727 0.322
3728 0.336
3729 0.322
3730 0.323
3731 0.339
3732 0.321
3733 0.321
3734 0.339
3735 0.392
3736 0.321
3737 0.311
3738 0.370
3739 0.384
3740 0.344
3741 0.340
3742 0.333
3743 0.316
3744 0.333
3745 0.357
3746 0.361
3747 0.361
3748 0.361
3749 0.322
3750 0.322
3751 0.324
3752 0.315
3753 0.312
3754 0.363
3755 0.323
3756 0.360
3757 0.361
3758 0.374
3759 0.340
3760 0.345
3761 0.325
3762 0.367
3763 0.339
3764 0.338
3765 0.339
3766 0.362
3767 0.361
3768 0.363
3769 0.360
3770 0.360
3771 0.323
3772 0.321
3773 0.314
3774 0.311
3775 0.361
3776 0.322
3777 0.374
3778 0.447
3779 0.454
3780 0.363
3781 0.362
3782 0.385
3783 0.347
3784 0.393
3785 0.396
3786 0.362
3787 0.451
3788 0.456
3789 0.458
3790 0.362
3791 0.361
3792 0.362
3793 0.362
3794 0.361
3795 0.360
3796 0.373
3797 0.348
3798 0.362
3799 0.362
3800 0.364
3801 0.362
3802 0.361
3803 0.323
3804 0.305
3805 0.324
3806 0.324
3807 0.351
3808 0.323
3809 0.315
3810 0.314
3811 0.314
3812 0.295
3813 0.295
3814 0.311
3815 0.361
3816 0.323
3817 0.361
3818 0.361
3819 0.364
3820 0.365
3821 0.362
3822 0.359
3823 0.324
3824 0.322
3825 0.321
3826 0.325
3827 0.321
3828 0.357
3829 0.333
3830 0.343
3831 0.356
3832 0.416
3833 0.344
3834 0.340
3835 0.339
3836 0.314
3837 0.382
3838 0.346
3839 0.355
3840 0.382
3841 0.333
3842 0.332
3843 0.334
3844 0.333
3845 0.314
3846 0.313
3847 0.312
3848 0.376
3849 0.345
3850 0.360
3851 0.360
3852 0.362
3853 0.375
3854 0.332
3855 0.345
3856 0.371
3857 0.446
3858 0.455
3859 0.458
3860 0.452
3861 0.454
3862 0.453
3863 0.452
3864 0.457
3865 0.452
3866 0.454
3867 0.456
3868 0.329
3869 0.452
3870 0.452
3871 0.455
3872 0.398
3873 0.404
3874 0.336
3875 0.311
3876 0.313
3877 0.304
3878 0.298
3879 0.318
3880 0.317
3881 0.315
3882 0.316
3883 0.315
3884 0.317
3885 0.317
3886 0.319
3887 0.314
3888 0.317
3889 0.446
3890 0.454
3891 0.454
3892 0.452
3893 0.454
3894 0.452
3895 0.453
3896 0.517
3897 0.397
3898 0.339
3899 0.445
3900 0.454
3901 0.453
3902 0.300
3903 0.450
3904 0.455
3905 0.360
3906 0.364
3907 0.453
3908 0.450
3909 0.453
3910 0.479
3911 0.381
3912 0.387
3913 0.365
3914 0.365
3915 0.382
3916 0.372
3917 0.347
3918 0.368
3919 0.376
3920 0.367
3921 0.342
3922 0.324
3923 0.299
3924 0.301
3925 0.300
3926 0.362
3927 0.363
3928 0.366
3929 0.361
3930 0.319
3931 0.334
3932 0.295
3933 0.295
3934 0.295
3935 0.342
3936 0.317
3937 0.364
3938 0.363
3939 0.361
3940 0.361
3941 0.466
3942 0.367
3943 0.315
3944 0.299
3945 0.317
3946 0.315
3947 0.356
3948 0.361
3949 0.365
3950 0.361
3951 0.322
3952 0.327
3953 0.320
3954 0.296
3955 0.294
3956 0.361
3957 0.324
3958 0.361
3959 0.452
3960 0.459
3961 0.454
3962 0.458
3963 0.452
3964 0.329
3965 0.351
3966 0.390
3967 0.371
3968 0.446
3969 0.457
3970 0.452
3971 0.387
3972 0.377
3973 0.366
3974 0.378
3975 0.363
3976 0.368
3977 0.446
3978 0.451
3979 0.453
3980 0.452
3981 0.455
3982 0.455
3983 0.452
3984 0.399
3985 0.346
3986 0.351
3987 0.342
3988 0.322
3989 0.324
3990 0.333
3991 0.320
3992 0.343
3993 0.320
3994 0.322
3995 0.322
3996 0.361
3997 0.365
3998 0.362
3999 0.363
4000 0.360
4001 0.323
4002 0.325
4003 0.323
4004 0.339
4005 0.323
4006 0.345
4007 0.362
4008 0.365
4009 0.362
4010 0.336
4011 0.381
4012 0.310
4013 0.297
4014 0.300
4015 0.317
4016 0.318
4017 0.304
4018 0.321
4019 0.315
4020 0.315
4021 0.315
4022 0.296
4023 0.296
4024 0.299
4025 0.297
4026 0.313
4027 0.299
4028 0.314
4029 0.375
4030 0.362
4031 0.360
4032 0.361
4033 0.335
4034 0.313
4035 0.307
4036 0.307
4037 0.295
4038 0.382
4039 0.344
4040 0.367
4041 0.362
4042 0.364
4043 0.359
4044 0.364
4045 0.323
4046 0.321
4047 0.323
4048 0.321
4049 0.321
4050 0.322
4051 0.362
4052 0.362
4053 0.363
4054 0.360
4055 0.312
4056 0.337
4057 0.295
4058 0.296
4059 0.295
4060 0.343
4061 0.310
4062 0.308
4063 0.317
4064 0.315
4065 0.316
4066 0.317
4067 0.315
4068 0.315
4069 0.314
4070 0.308
4071 0.300
4072 0.313
4073 0.372
4074 0.301
4075 0.360
4076 0.359
4077 0.298
4078 0.322
4079 0.323
4080 0.313
4081 0.313
4082 0.361
4083 0.322
4084 0.373
4085 0.386
4086 0.374
4087 0.356
4088 0.373
4089 0.385
4090 0.342
4091 0.339
4092 0.341
4093 0.319
4094 0.373
4095 0.361
4096 0.359
4097 0.362
4098 0.360
4099 0.350
4100 0.318
4101 0.320
4102 0.295
4103 0.372
4104 0.342
4105 0.366
4106 0.361
4107 0.360
4108 0.360
4109 0.376
4110 0.327
4111 0.319
4112 0.300
4113 0.301
4114 0.295
4115 0.295
4116 0.303
4117 0.317
4118 0.317
4119 0.315
4120 0.323
4121 0.315
4122 0.299
4123 0.295
4124 0.295
4125 0.312
4126 0.314
4127 0.295
4128 0.443
4129 0.453
4130 0.453
4131 0.454
4132 0.453
4133 0.452
4134 0.367
4135 0.336
4136 0.351
4137 0.357
4138 0.385
4139 0.384
4140 0.383
4141 0.381
4142 0.325
4143 0.322
4144 0.320
4145 0.340
4146 0.339
4147 0.373
4148 0.448
4149 0.455
4150 0.452
4151 0.451
4152 0.456
4153 0.452
4154 0.456
4155 0.457
4156 0.361
4157 0.349
4158 0.348
4159 0.321
4160 0.301
4161 0.302
4162 0.298
4163 0.299
4164 0.297
4165 0.314
4166 0.343
4167 0.445
4168 0.457
4169 0.452
4170 0.455
4171 0.453
4172 0.455
4173 0.452
4174 0.457
4175 0.383
4176 0.361
4177 0.359
4178 0.381
4179 0.335
4180 0.349
4181 0.314
4182 0.298
4183 0.300
4184 0.319
4185 0.313
4186 0.467
4187 0.454
4188 0.450
4189 0.451
4190 0.451
4191 0.454
4192 0.454
4193 0.453
4194 0.448
4195 0.453
4196 0.455
4197 0.454
4198 0.337
4199 0.387
4200 0.347
4201 0.334
4202 0.313
4203 0.346
4204 0.445
4205 0.456
4206 0.453
4207 0.451
4208 0.452
4209 0.455
4210 0.362
4211 0.361
4212 0.330
4213 0.452
4214 0.464
4215 0.455
4216 0.385
4217 0.365
4218 0.385
4219 0.367
4220 0.340
4221 0.361
4222 0.352
4223 0.369
4224 0.371
4225 0.381
4226 0.387
4227 0.342
4228 0.340
4229 0.311
4230 0.384
4231 0.318
4232 0.448
4233 0.363
4234 0.361
4235 0.363
4236 0.396
4237 0.378
4238 0.367
4239 0.320
4240 0.348
4241 0.336
4242 0.361
4243 0.361
4244 0.327
4245 0.382
4246 0.385
4247 0.354
4248 0.385
4249 0.384
4250 0.387
4251 0.385
4252 0.446
4253 0.454
4254 0.363
4255 0.361
4256 0.327
4257 0.371
4258 0.372
4259 0.327
4260 0.322
4261 0.325
4262 0.365
4263 0.361
4264 0.363
4265 0.360
4266 0.334
4267 0.324
4268 0.344
4269 0.326
4270 0.374
4271 0.342
4272 0.358
4273 0.448
4274 0.457
4275 0.451
4276 0.300
4277 0.376
4278 0.366
4279 0.374
4280 0.365
4281 0.360
4282 0.364
4283 0.451
4284 0.451
4285 0.454
4286 0.450
4287 0.457
4288 0.401
4289 0.348
4290 0.406
4291 0.332
4292 0.300
4293 0.316
4294 0.317
4295 0.315
4296 0.302
4297 0.296
4298 0.294
4299 0.297
4300 0.317
4301 0.316
4302 0.371
4303 0.448
4304 0.453
4305 0.454
4306 0.451
4307 0.327
4308 0.362
4309 0.363
4310 0.361
4311 0.389
4312 0.365
4313 0.363
4314 0.390
4315 0.388
4316 0.308
4317 0.300
4318 0.297
4319 0.298
4320 0.302
4321 0.318
4322 0.372
4323 0.448
4324 0.455
4325 0.454
4326 0.453
4327 0.452
4328 0.456
4329 0.453
4330 0.459
4331 0.451
4332 0.453
4333 0.453
4334 0.451
4335 0.356
4336 0.353
4337 0.356
4338 0.329
4339 0.345
4340 0.369
4341 0.382
4342 0.383
4343 0.383
4344 0.386
4345 0.385
4346 0.383
4347 0.385
4348 0.385
4349 0.405
4350 0.356
4351 0.297
4352 0.388
4353 0.383
4354 0.417
4355 0.341
4356 0.327
4357 0.323
4358 0.350
4359 0.318
4360 0.381
4361 0.356
4362 0.383
4363 0.385
4364 0.384
4365 0.386
4366 0.381
4367 0.386
4368 0.385
4369 0.379
4370 0.442
4371 0.454
4372 0.453
4373 0.468
4374 0.366
4375 0.357
4376 0.350
4377 0.362
4378 0.364
4379 0.375
4380 0.363
4381 0.369
4382 0.331
4383 0.374
4384 0.359
4385 0.406
4386 0.384
4387 0.385
4388 0.457
4389 0.362
4390 0.323
4391 0.325
4392 0.327
4393 0.322
4394 0.335
4395 0.322
4396 0.317
4397 0.323
4398 0.323
4399 0.321
4400 0.463
4401 0.451
4402 0.454
4403 0.452
4404 0.384
4405 0.390
4406 0.366
4407 0.358
4408 0.389
4409 0.447
4410 0.452
4411 0.453
4412 0.453
4413 0.390
4414 0.356
4415 0.358
4416 0.372
4417 0.384
4418 0.375
4419 0.449
4420 0.452
4421 0.454
4422 0.452
4423 0.451
4424 0.456
4425 0.389
4426 0.315
4427 0.334
4428 0.373
4429 0.388
4430 0.385
4431 0.418
4432 0.341
4433 0.350
4434 0.372
4435 0.384
4436 0.399
4437 0.316
4438 0.313
4439 0.314
4440 0.324
4441 0.324
4442 0.323
4443 0.324
4444 0.321
4445 0.322
4446 0.321
4447 0.321
4448 0.373
4449 0.366
4450 0.383
4451 0.356
4452 0.393
4453 0.343
4454 0.346
4455 0.370
4456 0.390
4457 0.372
4458 0.361
4459 0.362
4460 0.361
4461 0.448
4462 0.451
4463 0.451
4464 0.454
4465 0.451
4466 0.452
4467 0.363
4468 0.362
4469 0.364
4470 0.357
4471 0.335
4472 0.378
4473 0.335
4474 0.341
4475 0.364
4476 0.365
4477 0.364
4478 0.450
4479 0.454
4480 0.451
4481 0.450
4482 0.453
4483 0.452
4484 0.450
4485 0.455
4486 0.453
4487 0.453
4488 0.457
4489 0.483
4490 0.351
4491 0.346
4492 0.328
4493 0.319
4494 0.297
4495 0.365
4496 0.371
4497 0.448
4498 0.452
4499 0.454
4500 0.453
4501 0.452
4502 0.451
4503 0.459
4504 0.457
4505 0.453
4506 0.452
4507 0.484
4508 0.379
4509 0.346
4510 0.377
4511 0.402
4512 0.327
4513 0.372
4514 0.325
4515 0.396
4516 0.383
4517 0.381
4518 0.382
4519 0.379
4520 0.389
4521 0.383
4522 0.362
4523 0.451
4524 0.452
4525 0.454
4526 0.385
4527 0.379
4528 0.342
4529 0.377
4530 0.362
4531 0.375
4532 0.362
4533 0.362
4534 0.385
4535 0.342
4536 0.376
4537 0.343
4538 0.339
4539 0.343
4540 0.338
4541 0.341
4542 0.456
4543 0.452
4544 0.453
4545 0.450
4546 0.398
4547 0.353
4548 0.352
4549 0.379
4550 0.381
4551 0.371
4552 0.451
4553 0.456
4554 0.455
4555 0.453
4556 0.335
4557 0.325
4558 0.341
4559 0.378
4560 0.321
4561 0.449
4562 0.452
4563 0.455
4564 0.454
4565 0.452
4566 0.453
4567 0.459
4568 0.457
4569 0.453
4570 0.456
4571 0.452
4572 0.454
4573 0.455
4574 0.453
4575 0.392
4576 0.326
4577 0.359
4578 0.337
4579 0.329
4580 0.377
4581 0.363
4582 0.299
4583 0.389
4584 0.324
4585 0.309
4586 0.300
4587 0.324
4588 0.365
4589 0.368
4590 0.356
4591 0.448
4592 0.450
4593 0.452
4594 0.456
4595 0.451
4596 0.453
4597 0.380
4598 0.365
4599 0.360
4600 0.348
4601 0.377
4602 0.321
4603 0.342
4604 0.343
4605 0.334
4606 0.321
4607 0.317
4608 0.389
4609 0.447
4610 0.453
4611 0.453
4612 0.456
4613 0.453
4614 0.457
4615 0.455
4616 0.366
4617 0.452
4618 0.452
4619 0.454
4620 0.509
4621 0.392
4622 0.355
4623 0.343
4624 0.318
4625 0.311
4626 0.365
4627 0.361
4628 0.361
4629 0.361
4630 0.361
4631 0.366
4632 0.364
4633 0.361
4634 0.363
4635 0.400
4636 0.447
4637 0.456
4638 0.452
4639 0.498
4640 0.385
4641 0.333
4642 0.312
4643 0.323
4644 0.331
4645 0.328
4646 0.378
4647 0.452
4648 0.458
4649 0.452
4650 0.452
4651 0.454
4652 0.454
4653 0.462
4654 0.455
4655 0.455
4656 0.454
4657 0.498
4658 0.386
4659 0.377
4660 0.377
4661 0.360
4662 0.373
4663 0.399
4664 0.347
4665 0.372
4666 0.379
4667 0.371
4668 0.386
4669 0.383
4670 0.384
4671 0.381
4672 0.373
4673 0.384
4674 0.384
4675 0.385
4676 0.401
4677 0.328
4678 0.298
4679 0.297
4680 0.302
4681 0.385
4682 0.385
4683 0.362
4684 0.363
4685 0.362
4686 0.361
4687 0.390
4688 0.375
4689 0.374
4690 0.371
4691 0.363
4692 0.387
4693 0.452
4694 0.452
4695 0.452
4696 0.456
4697 0.453
4698 0.454
4699 0.460
4700 0.453
4701 0.452
4702 0.454
4703 0.455
4704 0.457
4705 0.450
4706 0.453
4707 0.370
4708 0.314
4709 0.334
4710 0.376
4711 0.385
4712 0.387
4713 0.384
4714 0.389
4715 0.384
4716 0.383
4717 0.362
4718 0.384
4719 0.378
4720 0.449
4721 0.457
4722 0.456
4723 0.455
4724 0.452
4725 0.468
4726 0.362
4727 0.361
4728 0.378
4729 0.388
4730 0.371
4731 0.359
4732 0.361
4733 0.318
4734 0.298
4735 0.294
4736 0.295
4737 0.363
4738 0.314
4739 0.361
4740 0.361
4741 0.323
4742 0.325
4743 0.323
4744 0.324
4745 0.312
4746 0.316
4747 0.312
4748 0.371
4749 0.315
4750 0.359
4751 0.370
4752 0.335
4753 0.315
4754 0.338
4755 0.308
4756 0.297
4757 0.295
4758 0.314
4759 0.381
4760 0.316
4761 0.355
4762 0.381
4763 0.382
4764 0.381
4765 0.384
4766 0.386
4767 0.340
4768 0.340
4769 0.340
4770 0.339
4771 0.362
4772 0.360
4773 0.361
4774 0.362
4775 0.323
4776 0.323
4777 0.320
4778 0.306
4779 0.307
4780 0.322
4781 0.313
4782 0.360
4783 0.361
4784 0.360
4785 0.325
4786 0.322
4787 0.322
4788 0.314
4789 0.314
4790 0.310
4791 0.322
4792 0.315
4793 0.362
4794 0.363
4795 0.323
4796 0.323
4797 0.323
4798 0.313
4799 0.313
4800 0.313
4801 0.374
4802 0.317
4803 0.386
4804 0.356
4805 0.324
4806 0.358
4807 0.385
4808 0.386
4809 0.383
4810 0.386
4811 0.344
4812 0.342
4813 0.340
4814 0.299
4815 0.387
4816 0.381
4817 0.384
4818 0.384
4819 0.383
4820 0.385
4821 0.384
4822 0.380
4823 0.379
4824 0.376
4825 0.356
4826 0.372
4827 0.371
4828 0.446
4829 0.455
4830 0.454
4831 0.454
4832 0.453
4833 0.453
4834 0.453
4835 0.453
4836 0.465
4837 0.453
4838 0.450
4839 0.453
4840 0.458
4841 0.389
4842 0.363
4843 0.364
4844 0.368
4845 0.359
4846 0.349
4847 0.377
4848 0.383
4849 0.379
4850 0.387
4851 0.365
4852 0.365
4853 0.383
4854 0.387
4855 0.385
4856 0.383
4857 0.386
4858 0.384
4859 0.390
4860 0.400
4861 0.300
4862 0.362
4863 0.360
4864 0.360
4865 0.361
4866 0.374
4867 0.317
4868 0.338
4869 0.322
4870 0.323
4871 0.370
4872 0.365
4873 0.362
4874 0.362
4875 0.296
4876 0.322
4877 0.323
4878 0.313
4879 0.313
4880 0.360
4881 0.321
4882 0.362
4883 0.360
4884 0.324
4885 0.325
4886 0.323
4887 0.321
4888 0.319
4889 0.311
4890 0.312
4891 0.373
4892 0.353
4893 0.385
4894 0.357
4895 0.385
4896 0.385
4897 0.384
4898 0.376
4899 0.336
4900 0.332
4901 0.333
4902 0.332
4903 0.372
4904 0.391
4905 0.380
4906 0.384
4907 0.345
4908 0.339
4909 0.341
4910 0.313
4911 0.312
4912 0.382
4913 0.358
4914 0.374
4915 0.385
4916 0.382
4917 0.338
4918 0.322
4919 0.312
4920 0.314
4921 0.313
4922 0.361
4923 0.322
4924 0.376
4925 0.361
4926 0.322
4927 0.323
4928 0.323
4929 0.323
4930 0.312
4931 0.312
4932 0.312
4933 0.363
4934 0.322
4935 0.364
4936 0.364
4937 0.325
4938 0.321
4939 0.319
4940 0.309
4941 0.315
4942 0.299
4943 0.296
4944 0.384
4945 0.348
4946 0.357
4947 0.378
4948 0.324
4949 0.341
4950 0.343
4951 0.339
4952 0.314
4953 0.389
4954 0.343
4955 0.382
4956 0.325
4957 0.362
4958 0.363
4959 0.363
4960 0.361
4961 0.323
4962 0.321
4963 0.345
4964 0.304
4965 0.338
4966 0.298
4967 0.356
4968 0.301
4969 0.360
4970 0.363
4971 0.361
4972 0.361
4973 0.362
4974 0.322
4975 0.322
4976 0.326
4977 0.321
4978 0.367
4979 0.364
4980 0.360
4981 0.360
4982 0.323
4983 0.320
4984 0.324
4985 0.312
4986 0.316
4987 0.358
4988 0.311
4989 0.340
4990 0.371
4991 0.383
4992 0.384
4993 0.384
4994 0.385
4995 0.344
4996 0.332
4997 0.334
4998 0.333
4999 0.362
5000 0.366
