0.541
0.489
0.492
0.488
0.483
0.487
0.400
0.343
0.352
0.336
0.376
0.337
0.321
0.333
0.319
0.319
0.335
0.321
0.346
0.322
0.321
0.316
0.317
0.343
0.377
0.362
0.377
0.386
0.479
0.481
0.364
0.361
0.432
0.380
0.374
0.365
0.477
0.481
0.364
0.418
0.475
0.384
0.362
0.347
0.476
0.481
0.485
0.513
0.555
0.375
0.399
0.398
0.339
0.363
0.363
0.410
0.480
0.361
0.365
0.507
0.362
0.379
0.363
0.408
0.366
0.362
0.360
0.386
0.364
0.360
0.339
0.390
0.361
0.361
0.363
0.387
0.361
0.362
0.370
0.351
0.374
0.381
0.380
0.380
0.361
0.362
0.357
0.352
0.349
0.373
0.380
0.372
0.485
0.482
0.490
0.402
0.442
0.395
0.368
0.373
