1 0.450
2 0.394
3 0.381
4 0.383
5 0.385
6 0.388
7 0.541
8 0.364
9 0.558
10 0.553
11 0.513
12 0.556
13 0.413
14 0.556
15 0.553
16 0.571
17 0.454
18 0.556
19 0.466
20 0.406
21 0.550
22 0.549
23 0.558
24 0.554
25 0.487
26 0.393
27 0.370
28 0.375
29 0.362
30 0.590
31 0.510
32 0.546
33 0.472
34 0.547
35 0.376
36 0.543
37 0.378
38 0.505
39 0.526
40 0.369
41 0.407
42 0.552
43 0.546
44 0.467
45 0.551
46 0.353
47 0.372
48 0.366
49 0.387
50 0.555
51 0.546
52 0.523
53 0.478
54 0.546
55 0.367
56 0.373
57 0.354
58 0.545
59 0.545
60 0.546
61 0.552
62 0.395
63 0.552
64 0.359
65 0.535
66 0.549
67 0.505
68 0.375
69 0.545
70 0.548
71 0.406
72 0.550
73 0.464
74 0.616
75 0.545
76 0.553
77 0.465
78 0.551
79 0.563
80 0.548
81 0.394
82 0.550
83 0.487
84 0.547
85 0.545
86 0.537
87 0.416
88 0.565
89 0.480
90 0.501
91 0.380
92 0.543
93 0.549
94 0.493
95 0.380
96 0.560
97 0.414
98 0.480
99 0.384
100 0.349
101 0.366
102 0.357
103 0.548
104 0.548
105 0.523
106 0.352
107 0.363
108 0.364
109 0.375
110 0.369
111 0.375
112 0.547
113 0.366
114 0.370
115 0.373
116 0.551
117 0.546
118 0.546
119 0.359
120 0.547
121 0.547
122 0.366
123 0.379
124 0.546
125 0.549
126 0.545
127 0.546
128 0.378
129 0.402
130 0.546
131 0.373
132 0.387
133 0.476
134 0.574
135 0.366
136 0.370
137 0.358
138 0.544
139 0.544
140 0.544
141 0.405
142 0.546
143 0.543
144 0.525
145 0.548
146 0.406
147 0.379
148 0.545
149 0.544
150 0.369
151 0.397
152 0.548
153 0.547
154 0.371
155 0.545
156 0.368
157 0.377
158 0.511
159 0.544
160 0.356
161 0.548
162 0.545
163 0.514
164 0.543
165 0.372
166 0.409
167 0.573
168 0.365
169 0.414
170 0.451
171 0.377
172 0.543
173 0.549
174 0.501
175 0.395
176 0.377
177 0.365
178 0.368
179 0.405
180 0.548
181 0.547
182 0.547
183 0.410
184 0.354
185 0.544
186 0.544
187 0.548
188 0.398
189 0.371
190 0.388
191 0.547
192 0.386
193 0.539
194 0.552
195 0.383
196 0.372
197 0.357
198 0.558
199 0.549
200 0.540
201 0.413
202 0.351
203 0.370
204 0.406
205 0.497
206 0.372
207 0.371
208 0.370
209 0.542
210 0.545
211 0.546
212 0.401
213 0.505
214 0.372
215 0.365
216 0.355
217 0.544
218 0.506
219 0.581
220 0.357
221 0.539
222 0.416
223 0.370
224 0.356
225 0.373
226 0.384
227 0.553
228 0.545
229 0.367
230 0.371
231 0.373
232 0.543
233 0.468
234 0.533
235 0.438
236 0.549
237 0.395
238 0.351
239 0.518
240 0.544
241 0.543
242 0.400
243 0.396
244 0.384
245 0.371
246 0.367
247 0.369
248 0.561
249 0.543
250 0.552
251 0.355
252 0.558
253 0.516
254 0.359
255 0.404
256 0.360
257 0.404
258 0.551
259 0.402
260 0.387
261 0.364
262 0.369
263 0.365
264 0.401
265 0.404
266 0.367
267 0.375
268 0.373
269 0.363
270 0.546
271 0.545
272 0.546
273 0.476
274 0.390
275 0.543
276 0.402
277 0.367
278 0.383
279 0.523
280 0.518
281 0.392
282 0.547
283 0.549
284 0.517
285 0.375
286 0.546
287 0.544
288 0.404
289 0.384
290 0.543
291 0.525
292 0.373
293 0.482
294 0.390
295 0.553
296 0.543
297 0.390
298 0.355
299 0.547
300 0.545
301 0.502
302 0.395
303 0.544
304 0.543
305 0.487
306 0.371
307 0.477
308 0.548
309 0.367
310 0.373
311 0.363
312 0.543
313 0.373
314 0.371
315 0.364
316 0.544
317 0.445
318 0.552
319 0.546
320 0.374
321 0.556
322 0.546
323 0.548
324 0.369
325 0.452
326 0.545
327 0.545
328 0.376
329 0.555
330 0.388
331 0.398
332 0.546
333 0.407
334 0.386
335 0.401
336 0.546
337 0.369
338 0.399
339 0.546
340 0.546
341 0.372
342 0.548
343 0.354
344 0.546
345 0.543
346 0.520
347 0.390
348 0.345
349 0.371
350 0.403
351 0.540
352 0.543
353 0.512
354 0.549
355 0.407
356 0.405
357 0.545
358 0.371
359 0.371
360 0.532
361 0.545
362 0.537
363 0.400
364 0.545
365 0.367
366 0.547
367 0.457
368 0.366
369 0.374
370 0.550
371 0.498
372 0.514
373 0.403
374 0.542
375 0.474
376 0.481
377 0.397
378 0.558
379 0.555
380 0.546
381 0.407
382 0.547
383 0.368
384 0.371
385 0.370
386 0.544
387 0.546
388 0.410
389 0.390
390 0.365
391 0.508
392 0.367
393 0.365
394 0.410
395 0.546
396 0.502
397 0.543
398 0.501
399 0.384
400 0.370
401 0.372
402 0.362
403 0.365
404 0.376
405 0.543
406 0.546
407 0.364
408 0.396
409 0.367
410 0.358
411 0.374
412 0.420
413 0.542
414 0.546
415 0.374
416 0.549
417 0.544
418 0.545
419 0.387
420 0.545
421 0.543
422 0.544
423 0.380
424 0.381
425 0.556
426 0.389
427 0.555
428 0.499
429 0.392
430 0.549
431 0.544
432 0.368
433 0.543
434 0.535
435 0.544
436 0.479
437 0.532
438 0.363
439 0.371
440 0.378
441 0.419
442 0.410
443 0.548
444 0.370
445 0.355
446 0.545
447 0.544
448 0.519
449 0.371
450 0.544
451 0.543
452 0.495
453 0.405
454 0.368
455 0.369
456 0.376
457 0.543
458 0.548
459 0.546
460 0.380
461 0.543
462 0.370
463 0.363
464 0.373
465 0.378
466 0.386
467 0.542
468 0.544
469 0.359
470 0.545
471 0.364
472 0.370
473 0.364
474 0.547
475 0.551
476 0.373
477 0.388
478 0.456
479 0.542
480 0.371
481 0.366
482 0.358
483 0.503
484 0.540
485 0.541
486 0.354
487 0.543
488 0.548
489 0.549
490 0.408
491 0.373
492 0.551
493 0.549
494 0.404
495 0.351
496 0.498
497 0.514
498 0.535
499 0.369
500 0.547
501 0.548
502 0.377
503 0.362
504 0.406
505 0.480
506 0.373
507 0.374
508 0.373
509 0.405
510 0.548
511 0.546
512 0.485
513 0.550
514 0.366
515 0.548
516 0.365
517 0.370
518 0.355
519 0.542
520 0.545
521 0.533
522 0.379
523 0.508
524 0.460
525 0.547
526 0.392
527 0.549
528 0.544
529 0.537
530 0.353
531 0.552
532 0.545
533 0.409
534 0.370
535 0.546
536 0.488
537 0.490
538 0.474
539 0.375
540 0.548
541 0.548
542 0.551
543 0.544
544 0.464
545 0.552
546 0.546
547 0.544
548 0.369
549 0.541
550 0.351
551 0.541
552 0.390
553 0.503
554 0.543
555 0.518
556 0.543
557 0.381
558 0.543
559 0.504
560 0.355
561 0.541
562 0.549
563 0.551
564 0.570
565 0.551
566 0.371
567 0.411
568 0.557
569 0.367
570 0.373
571 0.455
572 0.539
573 0.548
574 0.543
575 0.546
576 0.421
577 0.542
578 0.351
579 0.365
580 0.340
581 0.403
582 0.397
583 0.374
584 0.473
585 0.553
586 0.551
587 0.355
588 0.526
589 0.410
590 0.364
591 0.546
592 0.502
593 0.370
594 0.347
595 0.449
596 0.402
597 0.404
598 0.548
599 0.394
600 0.546
601 0.374
602 0.369
603 0.540
604 0.408
605 0.544
606 0.546
607 0.432
608 0.423
609 0.372
610 0.373
611 0.374
612 0.370
613 0.360
614 0.547
615 0.548
616 0.488
617 0.458
618 0.409
619 0.407
620 0.405
621 0.403
622 0.394
623 0.544
624 0.549
625 0.543
626 0.540
627 0.542
628 0.531
629 0.414
630 0.540
631 0.541
632 0.543
633 0.379
634 0.485
635 0.355
636 0.545
637 0.543
638 0.397
639 0.542
640 0.398
641 0.549
642 0.385
643 0.539
644 0.544
645 0.408
646 0.400
647 0.539
648 0.503
649 0.546
650 0.505
651 0.385
652 0.545
653 0.398
654 0.400
655 0.360
656 0.546
657 0.502
658 0.514
659 0.549
660 0.471
661 0.425
662 0.402
663 0.547
664 0.359
665 0.545
666 0.541
667 0.480
668 0.395
669 0.542
670 0.546
671 0.478
672 0.425
673 0.462
674 0.552
675 0.551
676 0.538
677 0.413
678 0.540
679 0.544
680 0.500
681 0.424
682 0.393
683 0.539
684 0.380
685 0.545
686 0.559
687 0.512
688 0.544
689 0.387
690 0.535
691 0.557
692 0.544
693 0.404
694 0.381
695 0.546
696 0.546
697 0.390
698 0.564
699 0.397
700 0.535
701 0.363
702 0.541
703 0.543
704 0.406
705 0.355
706 0.542
707 0.404
708 0.406
709 0.354
710 0.482
711 0.545
712 0.467
713 0.549
714 0.410
715 0.400
716 0.368
717 0.547
718 0.541
719 0.512
720 0.423
721 0.406
722 0.541
723 0.543
724 0.533
725 0.395
726 0.544
727 0.543
728 0.408
729 0.358
730 0.535
731 0.406
732 0.409
733 0.405
734 0.407
735 0.414
736 0.542
737 0.544
738 0.389
739 0.438
740 0.494
741 0.541
742 0.408
743 0.456
744 0.543
745 0.548
746 0.426
747 0.407
748 0.545
749 0.542
750 0.405
751 0.543
752 0.550
753 0.544
754 0.396
755 0.543
756 0.543
757 0.548
758 0.546
759 0.405
760 0.531
761 0.549
762 0.521
763 0.398
764 0.412
765 0.378
766 0.544
767 0.544
768 0.405
769 0.409
770 0.403
771 0.542
772 0.542
773 0.504
774 0.355
775 0.400
776 0.405
777 0.403
778 0.466
779 0.539
780 0.526
781 0.418
782 0.407
783 0.368
784 0.542
785 0.544
786 0.405
787 0.539
788 0.545
789 0.544
790 0.541
791 0.401
792 0.393
793 0.547
794 0.434
795 0.545
796 0.541
797 0.390
798 0.546
799 0.548
800 0.493
801 0.404
802 0.534
803 0.409
804 0.409
805 0.363
806 0.541
807 0.551
808 0.401
809 0.412
810 0.541
811 0.461
812 0.399
813 0.539
814 0.540
815 0.343
816 0.413
817 0.385
818 0.351
819 0.376
820 0.334
821 0.346
822 0.402
823 0.560
824 0.402
825 0.392
826 0.516
827 0.406
828 0.399
829 0.379
830 0.522
831 0.388
832 0.403
833 0.391
834 0.405
835 0.404
836 0.542
837 0.495
838 0.381
839 0.545
840 0.543
841 0.538
842 0.385
843 0.398
844 0.377
845 0.379
846 0.543
847 0.407
848 0.547
849 0.546
850 0.546
851 0.403
852 0.540
853 0.542
854 0.395
855 0.544
856 0.542
857 0.404
858 0.539
859 0.486
860 0.399
861 0.391
862 0.543
863 0.543
864 0.542
865 0.389
866 0.554
867 0.417
868 0.408
869 0.422
870 0.543
871 0.412
872 0.382
873 0.471
874 0.380
875 0.381
876 0.381
877 0.372
878 0.308
879 0.328
880 0.332
881 0.304
882 0.331
883 0.561
884 0.542
885 0.500
886 0.359
887 0.522
888 0.544
889 0.527
890 0.419
891 0.543
892 0.411
893 0.550
894 0.544
895 0.396
896 0.541
897 0.541
898 0.487
899 0.373
900 0.541
901 0.541
902 0.544
903 0.398
904 0.550
905 0.549
906 0.384
907 0.548
908 0.548
909 0.540
910 0.382
911 0.540
912 0.549
913 0.513
914 0.367
915 0.541
916 0.525
917 0.557
918 0.528
919 0.371
920 0.401
921 0.546
922 0.388
923 0.561
924 0.382
925 0.553
926 0.401
927 0.538
928 0.533
929 0.482
930 0.504
931 0.469
932 0.542
933 0.393
934 0.748
935 0.386
936 0.544
937 0.451
938 0.388
939 0.542
940 0.547
941 0.457
942 0.401
943 0.378
944 0.540
945 0.544
946 0.543
947 0.397
948 0.542
949 0.530
950 0.511
951 0.372
952 0.547
953 0.542
954 0.557
955 0.545
956 0.510
957 0.429
958 0.531
959 0.540
960 0.431
961 0.528
962 0.550
963 0.528
964 0.364
965 0.546
966 0.553
967 0.509
968 0.418
969 0.547
970 0.544
971 0.485
972 0.549
973 0.550
974 0.542
975 0.393
976 0.550
977 0.540
978 0.549
979 0.554
980 0.533
981 0.358
982 0.546
983 0.556
984 0.534
985 0.322
986 0.542
987 0.383
988 0.391
989 0.397
990 0.541
991 0.428
992 0.548
993 0.544
994 0.407
995 0.365
996 0.537
997 0.542
998 0.392
999 0.546
1000 0.547
1001 0.548
1002 0.394
1003 0.552
1004 0.543
1005 0.533
1006 0.408
1007 0.540
1008 0.383
1009 0.545
1010 0.375
1011 0.553
1012 0.392
1013 0.381
1014 0.541
1015 0.550
1016 0.552
1017 0.544
1018 0.535
1019 0.370
1020 0.384
1021 0.544
1022 0.402
1023 0.548
1024 0.395
1025 0.541
1026 0.350
1027 0.544
1028 0.547
1029 0.535
1030 0.412
1031 0.549
1032 0.550
1033 0.537
1034 0.423
1035 0.550
1036 0.542
1037 0.532
1038 0.409
1039 0.393
1040 0.549
1041 0.541
1042 0.420
1043 0.418
1044 0.543
1045 0.529
1046 0.387
1047 0.548
1048 0.546
1049 0.539
1050 0.391
1051 0.387
1052 0.523
1053 0.542
1054 0.387
1055 0.547
1056 0.556
1057 0.525
1058 0.388
1059 0.544
1060 0.456
1061 0.392
1062 0.541
1063 0.546
1064 0.545
1065 0.397
1066 0.450
1067 0.418
1068 0.419
1069 0.532
1070 0.534
1071 0.373
1072 0.542
1073 0.539
1074 0.396
1075 0.386
1076 0.498
1077 0.545
1078 0.390
1079 0.554
1080 0.392
1081 0.515
1082 0.548
1083 0.539
1084 0.464
1085 0.547
1086 0.547
1087 0.500
1088 0.371
1089 0.551
1090 0.383
1091 0.544
1092 0.539
1093 0.476
1094 0.392
1095 0.553
1096 0.549
1097 0.454
1098 0.547
1099 0.495
1100 0.366
1101 0.423
1102 0.548
1103 0.545
1104 0.497
1105 0.416
1106 0.462
1107 0.549
1108 0.544
1109 0.550
1110 0.390
1111 0.563
1112 0.546
1113 0.498
1114 0.367
1115 0.555
1116 0.562
1117 0.479
1118 0.544
1119 0.548
1120 0.525
1121 0.391
1122 0.549
1123 0.545
1124 0.514
1125 0.380
1126 0.443
1127 0.556
1128 0.546
1129 0.521
1130 0.361
1131 0.311
1132 0.539
1133 0.507
1134 0.361
1135 0.540
1136 0.541
1137 0.493
1138 0.521
1139 0.546
1140 0.543
1141 0.548
1142 0.408
1143 0.398
1144 0.476
1145 0.550
1146 0.482
1147 0.552
1148 0.541
1149 0.545
1150 0.393
1151 0.544
1152 0.553
1153 0.458
1154 0.390
1155 0.494
1156 0.433
1157 0.548
1158 0.542
1159 0.474
1160 0.545
1161 0.536
1162 0.549
1163 0.392
1164 0.513
1165 0.371
1166 0.544
1167 0.549
1168 0.471
1169 0.548
1170 0.548
1171 0.523
1172 0.477
1173 0.552
1174 0.539
1175 0.517
1176 0.468
1177 0.498
1178 0.526
1179 0.410
1180 0.544
1181 0.543
1182 0.455
1183 0.542
1184 0.542
1185 0.545
1186 0.380
1187 0.460
1188 0.555
1189 0.550
1190 0.541
1191 0.456
1192 0.427
1193 0.431
1194 0.546
1195 0.544
1196 0.370
1197 0.415
1198 0.544
1199 0.498
1200 0.560
1201 0.544
1202 0.395
1203 0.489
1204 0.542
1205 0.552
1206 0.394
1207 0.542
1208 0.544
1209 0.521
1210 0.400
1211 0.543
1212 0.543
1213 0.546
1214 0.397
1215 0.473
1216 0.488
1217 0.545
1218 0.542
1219 0.460
1220 0.524
1221 0.550
1222 0.488
1223 0.380
1224 0.544
1225 0.552
1226 0.544
1227 0.523
1228 0.391
1229 0.545
1230 0.548
1231 0.519
1232 0.413
1233 0.551
1234 0.544
1235 0.500
1236 0.371
1237 0.549
1238 0.544
1239 0.553
1240 0.508
1241 0.418
1242 0.474
1243 0.545
1244 0.493
1245 0.372
1246 0.545
1247 0.543
1248 0.474
1249 0.428
1250 0.456
1251 0.542
1252 0.546
1253 0.551
1254 0.380
1255 0.540
1256 0.544
1257 0.489
1258 0.467
1259 0.510
1260 0.543
1261 0.461
1262 0.556
1263 0.540
1264 0.462
1265 0.392
1266 0.548
1267 0.545
1268 0.518
1269 0.418
1270 0.552
1271 0.555
1272 0.489
1273 0.550
1274 0.553
1275 0.551
1276 0.389
1277 0.540
1278 0.549
1279 0.547
1280 0.358
1281 0.535
1282 0.547
1283 0.553
1284 0.394
1285 0.494
1286 0.541
1287 0.519
1288 0.422
1289 0.538
1290 0.475
1291 0.361
1292 0.548
1293 0.546
1294 0.539
1295 0.378
1296 0.541
1297 0.539
1298 0.531
1299 0.550
1300 0.373
1301 0.559
1302 0.461
1303 0.533
1304 0.362
1305 0.393
1306 0.546
1307 0.548
1308 0.424
1309 0.538
1310 0.539
1311 0.399
1312 0.382
1313 0.540
1314 0.505
1315 0.475
1316 0.547
1317 0.548
1318 0.547
1319 0.545
1320 0.403
1321 0.429
1322 0.543
1323 0.548
1324 0.559
1325 0.551
1326 0.497
1327 0.413
1328 0.544
1329 0.542
1330 0.424
1331 0.538
1332 0.402
1333 0.473
1334 0.427
1335 0.536
1336 0.543
1337 0.514
1338 0.371
1339 0.545
1340 0.544
1341 0.488
1342 0.415
1343 0.538
1344 0.545
1345 0.472
1346 0.549
1347 0.538
1348 0.539
1349 0.547
1350 0.545
1351 0.360
1352 0.541
1353 0.517
1354 0.480
1355 0.528
1356 0.545
1357 0.539
1358 0.475
1359 0.418
1360 0.540
1361 0.542
1362 0.546
1363 0.544
1364 0.425
1365 0.559
1366 0.543
1367 0.523
1368 0.417
1369 0.546
1370 0.545
1371 0.394
1372 0.546
1373 0.551
1374 0.513
1375 0.382
1376 0.540
1377 0.545
1378 0.485
1379 0.375
1380 0.545
1381 0.551
1382 0.469
1383 0.545
1384 0.539
1385 0.382
1386 0.552
1387 0.509
1388 0.382
1389 0.552
1390 0.540
1391 0.495
1392 0.427
1393 0.521
1394 0.485
1395 0.389
1396 0.536
1397 0.551
1398 0.400
1399 0.410
1400 0.480
1401 0.406
1402 0.544
1403 0.537
1404 0.419
1405 0.544
1406 0.499
1407 0.517
1408 0.415
1409 0.542
1410 0.463
1411 0.377
1412 0.546
1413 0.549
1414 0.498
1415 0.411
1416 0.534
1417 0.546
1418 0.491
1419 0.402
1420 0.541
1421 0.497
1422 0.460
1423 0.548
1424 0.551
1425 0.546
1426 0.375
1427 0.539
1428 0.542
1429 0.539
1430 0.414
1431 0.547
1432 0.550
1433 0.511
1434 0.383
1435 0.433
1436 0.542
1437 0.545
1438 0.547
1439 0.384
1440 0.554
1441 0.548
1442 0.547
1443 0.421
1444 0.561
1445 0.552
1446 0.495
1447 0.418
1448 0.401
1449 0.470
1450 0.542
1451 0.537
1452 0.360
1453 0.540
1454 0.541
1455 0.501
1456 0.418
1457 0.595
1458 0.598
1459 0.433
1460 0.533
1461 0.399
1462 0.570
1463 0.599
1464 0.570
1465 0.480
1466 0.611
1467 0.397
1468 0.539
1469 0.457
1470 0.391
1471 0.531
1472 0.419
1473 0.538
1474 0.414
1475 0.467
1476 0.546
1477 0.497
1478 0.361
1479 0.542
1480 0.547
1481 0.460
1482 0.536
1483 0.544
1484 0.482
1485 0.544
1486 0.554
1487 0.540
1488 0.396
1489 0.537
1490 0.544
1491 0.462
1492 0.393
1493 0.541
1494 0.536
1495 0.533
1496 0.409
1497 0.547
1498 0.545
1499 0.504
1500 0.382
1501 0.548
1502 0.545
1503 0.541
1504 0.542
1505 0.473
1506 0.550
1507 0.545
1508 0.388
1509 0.555
1510 0.546
1511 0.545
1512 0.396
1513 0.379
1514 0.536
1515 0.538
1516 0.483
1517 0.413
1518 0.539
1519 0.539
1520 0.363
1521 0.541
1522 0.550
1523 0.503
1524 0.416
1525 0.541
1526 0.545
1527 0.358
1528 0.608
1529 0.549
1530 0.546
1531 0.502
1532 0.413
1533 0.565
1534 0.363
1535 0.520
1536 0.415
1537 0.536
1538 0.457
1539 0.484
1540 0.364
1541 0.537
1542 0.539
1543 0.375
1544 0.535
1545 0.462
1546 0.540
1547 0.465
1548 0.553
1549 0.543
1550 0.490
1551 0.389
1552 0.544
1553 0.537
1554 0.527
1555 0.379
1556 0.535
1557 0.545
1558 0.537
1559 0.538
1560 0.355
1561 0.497
1562 0.412
1563 0.368
1564 0.534
1565 0.539
1566 0.502
1567 0.409
1568 0.535
1569 0.538
1570 0.403
1571 0.539
1572 0.376
1573 0.540
1574 0.536
1575 0.540
1576 0.387
1577 0.539
1578 0.538
1579 0.507
1580 0.412
1581 0.509
1582 0.384
1583 0.542
1584 0.523
1585 0.380
1586 0.563
1587 0.541
1588 0.504
1589 0.467
1590 0.609
1591 0.551
1592 0.545
1593 0.540
1594 0.551
1595 0.507
1596 0.374
1597 0.385
1598 0.537
1599 0.533
1600 0.538
1601 0.363
1602 0.398
1603 0.541
1604 0.535
1605 0.359
1606 0.542
1607 0.539
1608 0.520
1609 0.376
1610 0.514
1611 0.355
1612 0.541
1613 0.537
1614 0.517
1615 0.379
1616 0.517
1617 0.538
1618 0.542
1619 0.540
1620 0.488
1621 0.381
1622 0.543
1623 0.395
1624 0.491
1625 0.415
1626 0.537
1627 0.542
1628 0.386
1629 0.535
1630 0.541
1631 0.561
1632 0.544
1633 0.538
1634 0.538
1635 0.497
1636 0.534
1637 0.539
1638 0.513
1639 0.454
1640 0.539
1641 0.547
1642 0.550
1643 0.361
1644 0.426
1645 0.380
1646 0.524
1647 0.538
1648 0.428
1649 0.473
1650 0.544
1651 0.468
1652 0.575
1653 0.554
1654 0.541
1655 0.543
1656 0.371
1657 0.537
1658 0.523
1659 0.385
1660 0.538
1661 0.544
1662 0.540
1663 0.389
1664 0.538
1665 0.539
1666 0.545
1667 0.379
1668 0.552
1669 0.356
1670 0.535
1671 0.536
1672 0.481
1673 0.375
1674 0.546
1675 0.545
1676 0.389
1677 0.535
1678 0.537
1679 0.538
1680 0.385
1681 0.391
1682 0.519
1683 0.412
1684 0.535
1685 0.536
1686 0.536
1687 0.389
1688 0.442
1689 0.525
1690 0.392
1691 0.372
1692 0.381
1693 0.393
1694 0.513
1695 0.383
1696 0.535
1697 0.537
1698 0.541
1699 0.391
1700 0.542
1701 0.444
1702 0.538
1703 0.537
1704 0.542
1705 0.540
1706 0.536
1707 0.537
1708 0.536
1709 0.541
1710 0.520
1711 0.511
1712 0.591
1713 0.576
1714 0.599
1715 0.422
1716 0.557
1717 0.536
1718 0.513
1719 0.536
1720 0.537
1721 0.539
1722 0.447
1723 0.536
1724 0.543
1725 0.524
1726 0.562
1727 0.479
1728 0.544
1729 0.545
1730 0.534
1731 0.354
1732 0.542
1733 0.499
1734 0.509
1735 0.373
1736 0.546
1737 0.536
1738 0.517
1739 0.410
1740 0.396
1741 0.538
1742 0.528
1743 0.397
1744 0.582
1745 0.538
1746 0.544
1747 0.397
1748 0.534
1749 0.395
1750 0.513
1751 0.436
1752 0.545
1753 0.539
1754 0.474
1755 0.546
1756 0.402
1757 0.535
1758 0.460
1759 0.538
1760 0.401
1761 0.536
1762 0.537
1763 0.546
1764 0.538
1765 0.499
1766 0.441
1767 0.538
1768 0.535
1769 0.473
1770 0.539
1771 0.547
1772 0.535
1773 0.393
1774 0.545
1775 0.355
1776 0.506
1777 0.539
1778 0.519
1779 0.368
1780 0.532
1781 0.536
1782 0.381
1783 0.535
1784 0.535
1785 0.540
1786 0.455
1787 0.544
1788 0.547
1789 0.551
1790 0.387
1791 0.540
1792 0.482
1793 0.526
1794 0.351
1795 0.540
1796 0.536
1797 0.503
1798 0.376
1799 0.396
1800 0.547
1801 0.537
1802 0.538
1803 0.473
1804 0.381
1805 0.536
1806 0.546
1807 0.534
1808 0.424
1809 0.536
1810 0.461
1811 0.470
1812 0.558
1813 0.358
1814 0.535
1815 0.538
1816 0.383
1817 0.429
1818 0.458
1819 0.541
1820 0.546
1821 0.537
1822 0.371
1823 0.487
1824 0.476
1825 0.395
1826 0.543
1827 0.538
1828 0.545
1829 0.362
1830 0.536
1831 0.535
1832 0.538
1833 0.458
1834 0.537
1835 0.539
1836 0.531
1837 0.372
1838 0.544
1839 0.545
1840 0.517
1841 0.423
1842 0.527
1843 0.542
1844 0.511
1845 0.399
1846 0.557
1847 0.538
1848 0.473
1849 0.373
1850 0.537
1851 0.513
1852 0.487
1853 0.408
1854 0.534
1855 0.461
1856 0.480
1857 0.540
1858 0.528
1859 0.542
1860 0.393
1861 0.538
1862 0.538
1863 0.512
1864 0.394
1865 0.396
1866 0.405
1867 0.409
1868 0.557
1869 0.541
1870 0.537
1871 0.430
1872 0.407
1873 0.540
1874 0.413
1875 0.372
1876 0.543
1877 0.454
1878 0.386
1879 0.399
1880 0.541
1881 0.538
1882 0.403
1883 0.417
1884 0.538
1885 0.539
1886 0.403
1887 0.533
1888 0.544
1889 0.543
1890 0.453
1891 0.541
1892 0.405
1893 0.400
1894 0.373
1895 0.542
1896 0.536
1897 0.512
1898 0.398
1899 0.506
1900 0.420
1901 0.398
1902 0.405
1903 0.431
1904 0.388
1905 0.536
1906 0.536
1907 0.466
1908 0.539
1909 0.537
1910 0.488
1911 0.372
1912 0.536
1913 0.547
1914 0.489
1915 0.541
1916 0.513
1917 0.514
1918 0.384
1919 0.537
1920 0.547
1921 0.508
1922 0.375
1923 0.400
1924 0.539
1925 0.538
1926 0.519
1927 0.381
1928 0.407
1929 0.402
1930 0.409
1931 0.537
1932 0.540
1933 0.537
1934 0.487
1935 0.484
1936 0.414
1937 0.413
1938 0.409
1939 0.541
1940 0.537
1941 0.515
1942 0.403
1943 0.407
1944 0.408
1945 0.409
1946 0.536
1947 0.409
1948 0.409
1949 0.413
1950 0.517
1951 0.536
1952 0.540
1953 0.393
1954 0.547
1955 0.519
1956 0.513
1957 0.400
1958 0.477
1959 0.407
1960 0.409
1961 0.400
1962 0.414
1963 0.538
1964 0.400
1965 0.471
1966 0.538
1967 0.404
1968 0.404
1969 0.406
1970 0.536
1971 0.533
1972 0.509
1973 0.401
1974 0.539
1975 0.408
1976 0.542
1977 0.393
1978 0.535
1979 0.533
1980 0.526
1981 0.409
1982 0.540
1983 0.534
1984 0.520
1985 0.399
1986 0.498
1987 0.545
1988 0.535
1989 0.530
1990 0.392
1991 0.520
1992 0.571
1993 0.508
1994 0.413
1995 0.536
1996 0.539
1997 0.461
1998 0.540
1999 0.399
2000 0.543
2001 0.534
2002 0.516
2003 0.412
2004 0.549
2005 0.536
2006 0.509
2007 0.363
2008 0.478
2009 0.536
2010 0.495
2011 0.541
2012 0.391
2013 0.534
2014 0.534
2015 0.537
2016 0.378
2017 0.540
2018 0.540
2019 0.531
2020 0.397
2021 0.540
2022 0.541
2023 0.547
2024 0.391
2025 0.556
2026 0.545
2027 0.523
2028 0.377
2029 0.474
2030 0.535
2031 0.532
2032 0.495
2033 0.417
2034 0.541
2035 0.551
2036 0.483
2037 0.542
2038 0.513
2039 0.542
2040 0.411
2041 0.543
2042 0.542
2043 0.509
2044 0.364
2045 0.534
2046 0.537
2047 0.394
2048 0.547
2049 0.545
2050 0.541
2051 0.390
2052 0.381
2053 0.531
2054 0.537
2055 0.488
2056 0.541
2057 0.542
2058 0.534
2059 0.420
2060 0.532
2061 0.389
2062 0.539
2063 0.538
2064 0.490
2065 0.393
2066 0.542
2067 0.539
2068 0.358
2069 0.538
2070 0.534
2071 0.358
2072 0.426
2073 0.397
2074 0.534
2075 0.537
2076 0.536
2077 0.361
2078 0.540
2079 0.403
2080 0.403
2081 0.385
2082 0.534
2083 0.539
2084 0.521
2085 0.386
2086 0.498
2087 0.348
2088 0.534
2089 0.542
2090 0.489
2091 0.402
2092 0.408
2093 0.404
2094 0.404
2095 0.424
2096 0.536
2097 0.538
2098 0.539
2099 0.496
2100 0.413
2101 0.383
2102 0.537
2103 0.482
2104 0.386
2105 0.535
2106 0.542
2107 0.356
2108 0.539
2109 0.533
2110 0.546
2111 0.398
2112 0.539
2113 0.536
2114 0.536
2115 0.363
2116 0.534
2117 0.543
2118 0.534
2119 0.391
2120 0.535
2121 0.536
2122 0.544
2123 0.533
2124 0.533
2125 0.367
2126 0.396
2127 0.539
2128 0.539
2129 0.509
2130 0.423
2131 0.543
2132 0.542
2133 0.373
2134 0.534
2135 0.544
2136 0.482
2137 0.541
2138 0.474
2139 0.543
2140 0.376
2141 0.549
2142 0.539
2143 0.486
2144 0.538
2145 0.534
2146 0.466
2147 0.365
2148 0.457
2149 0.533
2150 0.536
2151 0.380
2152 0.449
2153 0.539
2154 0.464
2155 0.549
2156 0.392
2157 0.538
2158 0.519
2159 0.534
2160 0.542
2161 0.479
2162 0.494
2163 0.533
2164 0.537
2165 0.400
2166 0.539
2167 0.541
2168 0.531
2169 0.414
2170 0.536
2171 0.536
2172 0.540
2173 0.542
2174 0.417
2175 0.543
2176 0.540
2177 0.542
2178 0.465
2179 0.535
2180 0.535
2181 0.483
2182 0.454
2183 0.540
2184 0.554
2185 0.538
2186 0.363
2187 0.534
2188 0.534
2189 0.528
2190 0.393
2191 0.491
2192 0.533
2193 0.513
2194 0.385
2195 0.521
2196 0.541
2197 0.510
2198 0.417
2199 0.533
2200 0.534
2201 0.493
2202 0.401
2203 0.537
2204 0.540
2205 0.470
2206 0.549
2207 0.543
2208 0.537
2209 0.478
2210 0.540
2211 0.540
2212 0.544
2213 0.397
2214 0.392
2215 0.505
2216 0.539
2217 0.362
2218 0.545
2219 0.407
2220 0.409
2221 0.390
2222 0.537
2223 0.414
2224 0.409
2225 0.414
2226 0.538
2227 0.527
2228 0.401
2229 0.382
2230 0.507
2231 0.542
2232 0.374
2233 0.420
2234 0.402
2235 0.539
2236 0.408
2237 0.364
2238 0.411
2239 0.539
2240 0.483
2241 0.368
2242 0.401
2243 0.539
2244 0.410
2245 0.539
2246 0.549
2247 0.538
2248 0.357
2249 0.532
2250 0.402
2251 0.399
2252 0.370
2253 0.536
2254 0.540
2255 0.537
2256 0.418
2257 0.548
2258 0.546
2259 0.413
2260 0.362
2261 0.543
2262 0.538
2263 0.409
2264 0.486
2265 0.536
2266 0.488
2267 0.378
2268 0.538
2269 0.406
2270 0.404
2271 0.374
2272 0.382
2273 0.404
2274 0.405
2275 0.391
2276 0.451
2277 0.485
2278 0.405
2279 0.397
2280 0.530
2281 0.532
2282 0.514
2283 0.383
2284 0.539
2285 0.409
2286 0.410
2287 0.532
2288 0.492
2289 0.403
2290 0.465
2291 0.539
2292 0.538
2293 0.535
2294 0.392
2295 0.535
2296 0.360
2297 0.542
2298 0.533
2299 0.519
2300 0.438
2301 0.542
2302 0.385
2303 0.397
2304 0.532
2305 0.533
2306 0.501
2307 0.389
2308 0.545
2309 0.540
2310 0.514
2311 0.353
2312 0.534
2313 0.541
2314 0.381
2315 0.361
2316 0.534
2317 0.540
2318 0.535
2319 0.464
2320 0.535
2321 0.383
2322 0.385
2323 0.537
2324 0.471
2325 0.349
2326 0.458
2327 0.544
2328 0.541
2329 0.492
2330 0.447
2331 0.540
2332 0.536
2333 0.402
2334 0.537
2335 0.427
2336 0.552
2337 0.539
2338 0.518
2339 0.414
2340 0.537
2341 0.542
2342 0.463
2343 0.543
2344 0.537
2345 0.552
2346 0.541
2347 0.556
2348 0.382
2349 0.501
2350 0.542
2351 0.484
2352 0.411
2353 0.550
2354 0.535
2355 0.459
2356 0.417
2357 0.530
2358 0.559
2359 0.532
2360 0.503
2361 0.379
2362 0.535
2363 0.533
2364 0.489
2365 0.473
2366 0.534
2367 0.538
2368 0.461
2369 0.535
2370 0.376
2371 0.546
2372 0.554
2373 0.502
2374 0.368
2375 0.559
2376 0.556
2377 0.481
2378 0.534
2379 0.549
2380 0.541
2381 0.464
2382 0.559
2383 0.535
2384 0.537
2385 0.400
2386 0.530
2387 0.540
2388 0.550
2389 0.399
2390 0.538
2391 0.534
2392 0.533
2393 0.362
2394 0.522
2395 0.545
2396 0.468
2397 0.540
2398 0.462
2399 0.416
2400 0.400
2401 0.523
2402 0.533
2403 0.366
2404 0.393
2405 0.532
2406 0.539
2407 0.529
2408 0.408
2409 0.543
2410 0.545
2411 0.505
2412 0.385
2413 0.533
2414 0.539
2415 0.475
2416 0.543
2417 0.538
2418 0.533
2419 0.476
2420 0.549
2421 0.541
2422 0.541
2423 0.380
2424 0.558
2425 0.538
2426 0.549
2427 0.414
2428 0.555
2429 0.555
2430 0.500
2431 0.416
2432 0.465
2433 0.579
2434 0.535
2435 0.557
2436 0.411
2437 0.478
2438 0.495
2439 0.492
2440 0.360
2441 0.558
2442 0.535
2443 0.507
2444 0.368
2445 0.545
2446 0.550
2447 0.488
2448 0.544
2449 0.395
2450 0.541
2451 0.481
2452 0.547
2453 0.430
2454 0.538
2455 0.543
2456 0.479
2457 0.370
2458 0.550
2459 0.541
2460 0.406
2461 0.533
2462 0.550
2463 0.556
2464 0.457
2465 0.540
2466 0.537
2467 0.544
2468 0.378
2469 0.524
2470 0.361
2471 0.541
2472 0.542
2473 0.553
2474 0.488
2475 0.468
2476 0.559
2477 0.536
2478 0.464
2479 0.549
2480 0.550
2481 0.541
2482 0.553
2483 0.552
2484 0.416
2485 0.402
2486 0.532
2487 0.535
2488 0.377
2489 0.544
2490 0.530
2491 0.539
2492 0.396
2493 0.534
2494 0.539
2495 0.555
2496 0.365
2497 0.533
2498 0.536
2499 0.535
2500 0.392
2501 0.533
2502 0.529
2503 0.532
2504 0.396
2505 0.540
2506 0.487
2507 0.533
2508 0.535
2509 0.402
2510 0.530
2511 0.485
2512 0.383
2513 0.363
2514 0.531
2515 0.535
2516 0.392
2517 0.533
2518 0.540
2519 0.537
2520 0.538
2521 0.535
2522 0.387
2523 0.532
2524 0.534
2525 0.459
2526 0.394
2527 0.533
2528 0.512
2529 0.479
2530 0.414
2531 0.569
2532 0.541
2533 0.529
2534 0.406
2535 0.544
2536 0.537
2537 0.518
2538 0.359
2539 0.433
2540 0.537
2541 0.529
2542 0.402
2543 0.358
2544 0.421
2545 0.531
2546 0.536
2547 0.497
2548 0.419
2549 0.397
2550 0.446
2551 0.352
2552 0.455
2553 0.529
2554 0.534
2555 0.392
2556 0.475
2557 0.534
2558 0.540
2559 0.378
2560 0.540
2561 0.537
2562 0.527
2563 0.373
2564 0.530
2565 0.553
2566 0.484
2567 0.456
2568 0.387
2569 0.388
2570 0.542
2571 0.540
2572 0.395
2573 0.536
2574 0.449
2575 0.511
2576 0.406
2577 0.363
2578 0.391
2579 0.461
2580 0.392
2581 0.361
2582 0.530
2583 0.533
2584 0.533
2585 0.372
2586 0.452
2587 0.460
2588 0.532
2589 0.365
2590 0.535
2591 0.528
2592 0.528
2593 0.538
2594 0.366
2595 0.380
2596 0.556
2597 0.559
2598 0.390
2599 0.531
2600 0.497
2601 0.531
2602 0.393
2603 0.536
2604 0.553
2605 0.540
2606 0.376
2607 0.536
2608 0.539
2609 0.484
2610 0.531
2611 0.392
2612 0.536
2613 0.540
2614 0.536
2615 0.379
2616 0.532
2617 0.408
2618 0.533
2619 0.539
2620 0.548
2621 0.402
2622 0.477
2623 0.396
2624 0.386
2625 0.351
2626 0.531
2627 0.536
2628 0.361
2629 0.419
2630 0.533
2631 0.535
2632 0.370
2633 0.533
2634 0.535
2635 0.490
2636 0.481
2637 0.550
2638 0.534
2639 0.392
2640 0.533
2641 0.534
2642 0.538
2643 0.363
2644 0.529
2645 0.532
2646 0.515
2647 0.410
2648 0.539
2649 0.531
2650 0.507
2651 0.382
2652 0.527
2653 0.534
2654 0.391
2655 0.537
2656 0.373
2657 0.540
2658 0.535
2659 0.526
2660 0.417
2661 0.540
2662 0.536
2663 0.488
2664 0.410
2665 0.560
2666 0.465
2667 0.487
2668 0.553
2669 0.544
2670 0.538
2671 0.450
2672 0.530
2673 0.603
2674 0.514
2675 0.418
2676 0.534
2677 0.532
2678 0.545
2679 0.545
2680 0.460
2681 0.403
2682 0.546
2683 0.539
2684 0.396
2685 0.547
2686 0.533
2687 0.387
2688 0.361
2689 0.528
2690 0.536
2691 0.392
2692 0.530
2693 0.553
2694 0.534
2695 0.386
2696 0.539
2697 0.544
2698 0.358
2699 0.378
2700 0.561
2701 0.535
2702 0.485
2703 0.390
2704 0.551
2705 0.359
2706 0.483
2707 0.537
2708 0.534
2709 0.383
2710 0.535
2711 0.532
2712 0.532
2713 0.479
2714 0.531
2715 0.539
2716 0.543
2717 0.554
2718 0.525
2719 0.370
2720 0.533
2721 0.533
2722 0.492
2723 0.397
2724 0.539
2725 0.533
2726 0.471
2727 0.540
2728 0.537
2729 0.541
2730 0.344
2731 0.530
2732 0.532
2733 0.384
2734 0.394
2735 0.534
2736 0.530
2737 0.533
2738 0.390
2739 0.390
2740 0.488
2741 0.515
2742 0.531
2743 0.531
2744 0.368
2745 0.537
2746 0.473
2747 0.388
2748 0.534
2749 0.534
2750 0.540
2751 0.378
2752 0.536
2753 0.540
2754 0.529
2755 0.542
2756 0.482
2757 0.552
2758 0.530
2759 0.533
2760 0.384
2761 0.452
2762 0.535
2763 0.537
2764 0.457
2765 0.548
2766 0.523
2767 0.553
2768 0.454
2769 0.539
2770 0.547
2771 0.521
2772 0.390
2773 0.530
2774 0.534
2775 0.366
2776 0.358
2777 0.407
2778 0.411
2779 0.474
2780 0.539
2781 0.533
2782 0.539
2783 0.394
2784 0.395
2785 0.538
2786 0.549
2787 0.386
2788 0.529
2789 0.522
2790 0.518
2791 0.543
2792 0.468
2793 0.539
2794 0.533
2795 0.543
2796 0.394
2797 0.538
2798 0.533
2799 0.534
2800 0.478
2801 0.537
2802 0.543
2803 0.534
2804 0.539
2805 0.538
2806 0.378
2807 0.512
2808 0.403
2809 0.457
2810 0.426
2811 0.529
2812 0.533
2813 0.533
2814 0.373
2815 0.534
2816 0.537
2817 0.473
2818 0.533
2819 0.533
2820 0.533
2821 0.407
2822 0.530
2823 0.540
2824 0.518
2825 0.373
2826 0.381
2827 0.535
2828 0.530
2829 0.534
2830 0.378
2831 0.529
2832 0.538
2833 0.487
2834 0.373
2835 0.532
2836 0.531
2837 0.532
2838 0.365
2839 0.586
2840 0.527
2841 0.545
2842 0.385
2843 0.535
2844 0.542
2845 0.541
2846 0.385
2847 0.564
2848 0.536
2849 0.515
2850 0.382
2851 0.544
2852 0.383
2853 0.534
2854 0.531
2855 0.484
2856 0.533
2857 0.539
2858 0.480
2859 0.480
2860 0.400
2861 0.531
2862 0.548
2863 0.394
2864 0.550
2865 0.379
2866 0.540
2867 0.533
2868 0.531
2869 0.369
2870 0.537
2871 0.481
2872 0.533
2873 0.380
2874 0.540
2875 0.538
2876 0.541
2877 0.349
2878 0.394
2879 0.532
2880 0.364
2881 0.392
2882 0.534
2883 0.533
2884 0.392
2885 0.530
2886 0.522
2887 0.535
2888 0.542
2889 0.398
2890 0.538
2891 0.366
2892 0.386
2893 0.537
2894 0.531
2895 0.398
2896 0.530
2897 0.534
2898 0.484
2899 0.412
2900 0.530
2901 0.530
2902 0.461
2903 0.549
2904 0.534
2905 0.542
2906 0.397
2907 0.403
2908 0.535
2909 0.534
2910 0.383
2911 0.521
2912 0.529
2913 0.537
2914 0.533
2915 0.486
2916 0.383
2917 0.465
2918 0.463
2919 0.465
2920 0.528
2921 0.542
2922 0.538
2923 0.397
2924 0.530
2925 0.535
2926 0.534
2927 0.535
2928 0.532
2929 0.362
2930 0.538
2931 0.539
2932 0.527
2933 0.408
2934 0.542
2935 0.539
2936 0.521
2937 0.402
2938 0.535
2939 0.502
2940 0.505
2941 0.535
2942 0.530
2943 0.399
2944 0.478
2945 0.535
2946 0.536
2947 0.538
2948 0.372
2949 0.529
2950 0.394
2951 0.372
2952 0.528
2953 0.536
2954 0.531
2955 0.370
2956 0.536
2957 0.528
2958 0.522
2959 0.395
2960 0.532
2961 0.532
2962 0.538
2963 0.533
2964 0.398
2965 0.533
2966 0.484
2967 0.538
2968 0.392
2969 0.534
2970 0.536
2971 0.523
2972 0.365
2973 0.537
2974 0.540
2975 0.502
2976 0.361
2977 0.528
2978 0.532
2979 0.358
2980 0.355
2981 0.531
2982 0.533
2983 0.500
2984 0.414
2985 0.451
2986 0.384
2987 0.545
2988 0.536
2989 0.390
2990 0.535
2991 0.532
2992 0.539
2993 0.367
2994 0.537
2995 0.539
2996 0.539
2997 0.381
2998 0.545
2999 0.458
3000 0.539
3001 0.375
3002 0.469
3003 0.534
3004 0.498
3005 0.529
3006 0.526
3007 0.531
3008 0.382
3009 0.529
3010 0.531
3011 0.538
3012 0.541
3013 0.515
3014 0.413
3015 0.525
3016 0.464
3017 0.386
3018 0.533
3019 0.535
3020 0.541
3021 0.393
3022 0.539
3023 0.513
3024 0.545
3025 0.536
3026 0.392
3027 0.534
3028 0.534
3029 0.512
3030 0.400
3031 0.530
3032 0.486
3033 0.538
3034 0.392
3035 0.536
3036 0.437
3037 0.542
3038 0.538
3039 0.382
3040 0.525
3041 0.535
3042 0.533
3043 0.480
3044 0.536
3045 0.540
3046 0.538
3047 0.389
3048 0.547
3049 0.541
3050 0.536
3051 0.386
3052 0.479
3053 0.529
3054 0.535
3055 0.373
3056 0.529
3057 0.533
3058 0.532
3059 0.416
3060 0.536
3061 0.407
3062 0.488
3063 0.490
3064 0.527
3065 0.535
3066 0.368
3067 0.546
3068 0.535
3069 0.513
3070 0.376
3071 0.390
3072 0.530
3073 0.530
3074 0.377
3075 0.532
3076 0.535
3077 0.476
3078 0.525
3079 0.489
3080 0.530
3081 0.409
3082 0.526
3083 0.397
3084 0.532
3085 0.400
3086 0.520
3087 0.409
3088 0.501
3089 0.393
3090 0.469
3091 0.361
3092 0.404
3093 0.531
3094 0.469
3095 0.525
3096 0.526
3097 0.540
3098 0.426
3099 0.500
3100 0.388
3101 0.541
3102 0.533
3103 0.393
3104 0.543
3105 0.531
3106 0.459
3107 0.420
3108 0.527
3109 0.538
3110 0.363
3111 0.542
3112 0.531
3113 0.539
3114 0.423
3115 0.539
3116 0.536
3117 0.532
3118 0.375
3119 0.533
3120 0.538
3121 0.358
3122 0.406
3123 0.400
3124 0.531
3125 0.456
3126 0.526
3127 0.542
3128 0.540
3129 0.368
3130 0.469
3131 0.531
3132 0.486
3133 0.400
3134 0.534
3135 0.530
3136 0.488
3137 0.535
3138 0.534
3139 0.545
3140 0.391
3141 0.530
3142 0.539
3143 0.530
3144 0.376
3145 0.529
3146 0.532
3147 0.540
3148 0.528
3149 0.485
3150 0.369
3151 0.538
3152 0.531
3153 0.466
3154 0.399
3155 0.551
3156 0.539
3157 0.458
3158 0.538
3159 0.533
3160 0.568
3161 0.519
3162 0.512
3163 0.402
3164 0.533
3165 0.537
3166 0.545
3167 0.541
3168 0.392
3169 0.513
3170 0.536
3171 0.502
3172 0.398
3173 0.538
3174 0.538
3175 0.540
3176 0.370
3177 0.536
3178 0.539
3179 0.358
3180 0.387
3181 0.480
3182 0.526
3183 0.420
3184 0.535
3185 0.541
3186 0.532
3187 0.531
3188 0.394
3189 0.497
3190 0.539
3191 0.532
3192 0.472
3193 0.533
3194 0.532
3195 0.535
3196 0.354
3197 0.532
3198 0.506
3199 0.531
3200 0.379
3201 0.534
3202 0.537
3203 0.532
3204 0.377
3205 0.526
3206 0.537
3207 0.532
3208 0.374
3209 0.490
3210 0.545
3211 0.531
3212 0.546
3213 0.393
3214 0.538
3215 0.530
3216 0.516
3217 0.367
3218 0.553
3219 0.538
3220 0.510
3221 0.375
3222 0.364
3223 0.392
3224 0.528
3225 0.531
3226 0.531
3227 0.524
3228 0.392
3229 0.503
3230 0.532
3231 0.534
3232 0.378
3233 0.534
3234 0.384
3235 0.530
3236 0.536
3237 0.455
3238 0.544
3239 0.532
3240 0.530
3241 0.386
3242 0.383
3243 0.535
3244 0.527
3245 0.460
3246 0.536
3247 0.369
3248 0.518
3249 0.533
3250 0.532
3251 0.381
3252 0.534
3253 0.529
3254 0.532
3255 0.396
3256 0.528
3257 0.404
3258 0.391
3259 0.414
3260 0.518
3261 0.531
3262 0.528
3263 0.367
3264 0.532
3265 0.538
3266 0.507
3267 0.539
3268 0.530
3269 0.495
3270 0.477
3271 0.537
3272 0.513
3273 0.544
3274 0.386
3275 0.523
3276 0.522
3277 0.533
3278 0.395
3279 0.498
3280 0.529
3281 0.492
3282 0.413
3283 0.529
3284 0.480
3285 0.352
3286 0.408
3287 0.525
3288 0.534
3289 0.470
3290 0.527
3291 0.536
3292 0.530
3293 0.397
3294 0.527
3295 0.535
3296 0.538
3297 0.539
3298 0.489
3299 0.392
3300 0.539
3301 0.535
3302 0.477
3303 0.533
3304 0.539
3305 0.529
3306 0.370
3307 0.533
3308 0.529
3309 0.502
3310 0.379
3311 0.531
3312 0.526
3313 0.525
3314 0.550
3315 0.372
3316 0.528
3317 0.531
3318 0.383
3319 0.397
3320 0.534
3321 0.531
3322 0.505
3323 0.371
3324 0.527
3325 0.563
3326 0.504
3327 0.372
3328 0.525
3329 0.529
3330 0.504
3331 0.379
3332 0.534
3333 0.538
3334 0.533
3335 0.539
3336 0.529
3337 0.513
3338 0.371
3339 0.539
3340 0.521
3341 0.499
3342 0.384
3343 0.535
3344 0.530
3345 0.466
3346 0.383
3347 0.531
3348 0.549
3349 0.457
3350 0.530
3351 0.529
3352 0.525
3353 0.365
3354 0.525
3355 0.528
3356 0.491
3357 0.441
3358 0.400
3359 0.531
3360 0.474
3361 0.536
3362 0.523
3363 0.532
3364 0.467
3365 0.535
3366 0.525
3367 0.535
3368 0.391
3369 0.531
3370 0.533
3371 0.352
3372 0.524
3373 0.532
3374 0.530
3375 0.350
3376 0.527
3377 0.538
3378 0.476
3379 0.500
3380 0.540
3381 0.537
3382 0.403
3383 0.521
3384 0.437
3385 0.533
3386 0.544
3387 0.497
3388 0.409
3389 0.538
3390 0.533
3391 0.359
3392 0.390
3393 0.535
3394 0.536
3395 0.382
3396 0.509
3397 0.405
3398 0.527
3399 0.542
3400 0.394
3401 0.536
3402 0.533
3403 0.523
3404 0.399
3405 0.535
3406 0.535
3407 0.545
3408 0.531
3409 0.401
3410 0.527
3411 0.529
3412 0.461
3413 0.374
3414 0.531
3415 0.526
3416 0.344
3417 0.365
3418 0.530
3419 0.410
3420 0.533
3421 0.536
3422 0.475
3423 0.532
3424 0.538
3425 0.532
3426 0.462
3427 0.535
3428 0.531
3429 0.528
3430 0.527
3431 0.463
3432 0.526
3433 0.485
3434 0.413
3435 0.530
3436 0.533
3437 0.395
3438 0.533
3439 0.529
3440 0.537
3441 0.377
3442 0.528
3443 0.530
3444 0.383
3445 0.533
3446 0.531
3447 0.470
3448 0.410
3449 0.392
3450 0.384
3451 0.480
3452 0.361
3453 0.527
3454 0.530
3455 0.510
3456 0.376
3457 0.534
3458 0.530
3459 0.523
3460 0.412
3461 0.535
3462 0.535
3463 0.529
3464 0.519
3465 0.398
3466 0.496
3467 0.502
3468 0.529
3469 0.533
3470 0.381
3471 0.531
3472 0.523
3473 0.497
3474 0.376
3475 0.535
3476 0.540
3477 0.536
3478 0.436
3479 0.389
3480 0.367
3481 0.526
3482 0.535
3483 0.392
3484 0.366
3485 0.529
3486 0.526
3487 0.473
3488 0.529
3489 0.533
3490 0.526
3491 0.525
3492 0.519
3493 0.370
3494 0.529
3495 0.534
3496 0.493
3497 0.375
3498 0.524
3499 0.529
3500 0.488
3501 0.458
3502 0.387
3503 0.525
3504 0.534
3505 0.384
3506 0.383
3507 0.491
3508 0.424
3509 0.529
3510 0.485
3511 0.518
3512 0.401
3513 0.525
3514 0.527
3515 0.390
3516 0.369
3517 0.458
3518 0.386
3519 0.522
3520 0.535
3521 0.381
3522 0.527
3523 0.530
3524 0.541
3525 0.378
3526 0.534
3527 0.531
3528 0.529
3529 0.546
3530 0.489
3531 0.404
3532 0.384
3533 0.532
3534 0.531
3535 0.482
3536 0.414
3537 0.533
3538 0.527
3539 0.525
3540 0.389
3541 0.408
3542 0.533
3543 0.532
3544 0.534
3545 0.376
3546 0.502
3547 0.539
3548 0.532
3549 0.396
3550 0.506
3551 0.505
3552 0.393
3553 0.471
3554 0.511
3555 0.389
3556 0.397
3557 0.530
3558 0.395
3559 0.536
3560 0.414
3561 0.514
3562 0.531
